0	0.29425875824822
1	0.10221620023359
2	0.00383112011520
3	0.00025540800768
4	0.02335386970224
5	0.00811239684394
6	0.00030405715200
7	0.00002027047680
8	0.03715388361720
9	0.01290608588808
10	0.00063852001920
11	0.00004256800128
12	0.00294872092200
13	0.00102429253080
14	0.00005067619200
15	0.00000337841280
16	0.00015790140000
17	0.00005484996000
18	0.00000066484800
19	0.00000004432320
20	0.00001315845000
21	0.00000457083000
22	0.00000005540400
23	0.00000000369360
24	0.00002368521000
25	0.00000822749400
26	0.00000000831060
27	0.00000000055404
28	0.00000197376750
29	0.00000068562450
30	0.00000000069255
31	0.00000000004617
32	0.00036695193696
33	0.00012746751494
34	0.00031531852800
35	0.00002102123520
36	0.00002912316960
37	0.00001011646944
38	0.00002502528000
39	0.00000166835200
40	0.00458689921200
41	0.00159334393680
42	0.00011824444800
43	0.00000788296320
44	0.00036403962000
45	0.00012645586800
46	0.00000938448000
47	0.00000062563200
48	0.00005848200000
49	0.00002031480000
50	0.00000032832000
51	0.00000002188800
52	0.00000487350000
53	0.00000169290000
54	0.00000002736000
55	0.00000000182400
56	0.00001656990000
57	0.00000575586000
58	0.00000010157400
59	0.00000000677160
60	0.00000138082500
61	0.00000047965500
62	0.00000000846450
63	0.00000000056430
64	0.00035118601056
65	0.00012199092998
66	0.00000457228800
67	0.00000030481920
68	0.00058531001760
69	0.00020331821664
70	0.00000762048000
71	0.00000050803200
72	0.00004434166800
73	0.00001540289520
74	0.00000076204800
75	0.00000005080320
76	0.00007390278000
77	0.00002567149200
78	0.00000127008000
79	0.00000008467200
80	0.00003693600000
81	0.00001283040000
82	0.00000015552000
83	0.00000001036800
84	0.00000436050000
85	0.00000151470000
86	0.00000001836000
87	0.00000000122400
88	0.00000554040000
89	0.00000192456000
90	0.00000000194400
91	0.00000000012960
92	0.00000065407500
93	0.00000022720500
94	0.00000000022950
95	0.00000000001530
96	0.00000039414816
97	0.00000013691462
98	0.00000033868800
99	0.00000002257920
100	0.00000065691360
101	0.00000022819104
102	0.00000056448000
103	0.00000003763200
104	0.00000492685200
105	0.00000171143280
106	0.00000012700800
107	0.00000000846720
108	0.00000821142000
109	0.00000285238800
110	0.00000021168000
111	0.00000001411200
112	0.00001231200000
113	0.00000427680000
114	0.00000006912000
115	0.00000000460800
116	0.00000145350000
117	0.00000050490000
118	0.00000000816000
119	0.00000000054400
120	0.00000348840000
121	0.00000121176000
122	0.00000002138400
123	0.00000000142560
124	0.00000041182500
125	0.00000014305500
126	0.00000000252450
127	0.00000000016830
128	0.07356468956206
129	0.02555405005840
130	0.00095778002880
131	0.00006385200192
132	0.00583846742556
133	0.00202809921098
134	0.00007601428800
135	0.00000506761920
136	0.00928847090430
137	0.00322652147202
138	0.00015963000480
139	0.00001064200032
140	0.00073718023050
141	0.00025607313270
142	0.00001266904800
143	0.00000084460320
144	0.00003947535000
145	0.00001371249000
146	0.00000016621200
147	0.00000001108080
148	0.00000328961250
149	0.00000114270750
150	0.00000001385100
151	0.00000000092340
152	0.00000592130250
153	0.00000205687350
154	0.00000000207765
155	0.00000000013851
156	0.00000049344188
157	0.00000017140613
158	0.00000000017314
159	0.00000000001154
160	0.00009173798424
161	0.00003186687874
162	0.00007882963200
163	0.00000525530880
164	0.00000728079240
165	0.00000252911736
166	0.00000625632000
167	0.00000041708800
168	0.00114672480300
169	0.00039833598420
170	0.00002956111200
171	0.00000197074080
172	0.00009100990500
173	0.00003161396700
174	0.00000234612000
175	0.00000015640800
176	0.00001462050000
177	0.00000507870000
178	0.00000008208000
179	0.00000000547200
180	0.00000121837500
181	0.00000042322500
182	0.00000000684000
183	0.00000000045600
184	0.00000414247500
185	0.00000143896500
186	0.00000002539350
187	0.00000000169290
188	0.00000034520625
189	0.00000011991375
190	0.00000000211613
191	0.00000000014108
192	0.00008779650264
193	0.00003049773250
194	0.00000114307200
195	0.00000007620480
196	0.00014632750440
197	0.00005082955416
198	0.00000190512000
199	0.00000012700800
200	0.00001108541700
201	0.00000385072380
202	0.00000019051200
203	0.00000001270080
204	0.00001847569500
205	0.00000641787300
206	0.00000031752000
207	0.00000002116800
208	0.00000923400000
209	0.00000320760000
210	0.00000003888000
211	0.00000000259200
212	0.00000109012500
213	0.00000037867500
214	0.00000000459000
215	0.00000000030600
216	0.00000138510000
217	0.00000048114000
218	0.00000000048600
219	0.00000000003240
220	0.00000016351875
221	0.00000005680125
222	0.00000000005738
223	0.00000000000383
224	0.00000009853704
225	0.00000003422866
226	0.00000008467200
227	0.00000000564480
228	0.00000016422840
229	0.00000005704776
230	0.00000014112000
231	0.00000000940800
232	0.00000123171300
233	0.00000042785820
234	0.00000003175200
235	0.00000000211680
236	0.00000205285500
237	0.00000071309700
238	0.00000005292000
239	0.00000000352800
240	0.00000307800000
241	0.00000106920000
242	0.00000001728000
243	0.00000000115200
244	0.00000036337500
245	0.00000012622500
246	0.00000000204000
247	0.00000000013600
248	0.00000087210000
249	0.00000030294000
250	0.00000000534600
251	0.00000000035640
252	0.00000010295625
253	0.00000003576375
254	0.00000000063113
255	0.00000000004208
256	0.03269541758314
257	0.01135735558151
258	0.00042568001280
259	0.00002837866752
260	0.00259487441136
261	0.00090137742710
262	0.00003378412800
263	0.00000225227520
264	0.00412820929080
265	0.00143400954312
266	0.00007094666880
267	0.00000472977792
268	0.00032763565800
269	0.00011381028120
270	0.00000563068800
271	0.00000037537920
272	0.00001754460000
273	0.00000609444000
274	0.00000007387200
275	0.00000000492480
276	0.00000146205000
277	0.00000050787000
278	0.00000000615600
279	0.00000000041040
280	0.00000263169000
281	0.00000091416600
282	0.00000000092340
283	0.00000000006156
284	0.00000021930750
285	0.00000007618050
286	0.00000000007695
287	0.00000000000513
288	0.00110085581088
289	0.00038240254483
290	0.00094595558400
291	0.00006306370560
292	0.00008736950880
293	0.00003034940832
294	0.00007507584000
295	0.00000500505600
296	0.01376069763600
297	0.00478003181040
298	0.00035473334400
299	0.00002364888960
300	0.00109211886000
301	0.00037936760400
302	0.00002815344000
303	0.00000187689600
304	0.00017544600000
305	0.00006094440000
306	0.00000098496000
307	0.00000006566400
308	0.00001462050000
309	0.00000507870000
310	0.00000008208000
311	0.00000000547200
312	0.00004970970000
313	0.00001726758000
314	0.00000030472200
315	0.00000002031480
316	0.00000414247500
317	0.00000143896500
318	0.00000002539350
319	0.00000000169290
320	0.00003902066784
321	0.00001355454778
322	0.00000050803200
323	0.00000003386880
324	0.00006503444640
325	0.00002259091296
326	0.00000084672000
327	0.00000005644800
328	0.00000492685200
329	0.00000171143280
330	0.00000008467200
331	0.00000000564480
332	0.00000821142000
333	0.00000285238800
334	0.00000014112000
335	0.00000000940800
336	0.00000410400000
337	0.00000142560000
338	0.00000001728000
339	0.00000000115200
340	0.00000048450000
341	0.00000016830000
342	0.00000000204000
343	0.00000000013600
344	0.00000061560000
345	0.00000021384000
346	0.00000000021600
347	0.00000000001440
348	0.00000007267500
349	0.00000002524500
350	0.00000000002550
351	0.00000000000170
352	0.00000118244448
353	0.00000041074387
354	0.00000101606400
355	0.00000006773760
356	0.00000197074080
357	0.00000068457312
358	0.00000169344000
359	0.00000011289600
360	0.00001478055600
361	0.00000513429840
362	0.00000038102400
363	0.00000002540160
364	0.00002463426000
365	0.00000855716400
366	0.00000063504000
367	0.00000004233600
368	0.00003693600000
369	0.00001283040000
370	0.00000020736000
371	0.00000001382400
372	0.00000436050000
373	0.00000151470000
374	0.00000002448000
375	0.00000000163200
376	0.00001046520000
377	0.00000363528000
378	0.00000006415200
379	0.00000000427680
380	0.00000123547500
381	0.00000042916500
382	0.00000000757350
383	0.00000000050490
384	0.00817385439578
385	0.00283933889538
386	0.00010642000320
387	0.00000709466688
388	0.00064871860284
389	0.00022534435678
390	0.00000844603200
391	0.00000056306880
392	0.00103205232270
393	0.00035850238578
394	0.00001773666720
395	0.00000118244448
396	0.00008190891450
397	0.00002845257030
398	0.00000140767200
399	0.00000009384480
400	0.00000438615000
401	0.00000152361000
402	0.00000001846800
403	0.00000000123120
404	0.00000036551250
405	0.00000012696750
406	0.00000000153900
407	0.00000000010260
408	0.00000065792250
409	0.00000022854150
410	0.00000000023085
411	0.00000000001539
412	0.00000005482688
413	0.00000001904513
414	0.00000000001924
415	0.00000000000128
416	0.00027521395272
417	0.00009560063621
418	0.00023648889600
419	0.00001576592640
420	0.00002184237720
421	0.00000758735208
422	0.00001876896000
423	0.00000125126400
424	0.00344017440900
425	0.00119500795260
426	0.00008868333600
427	0.00000591222240
428	0.00027302971500
429	0.00009484190100
430	0.00000703836000
431	0.00000046922400
432	0.00004386150000
433	0.00001523610000
434	0.00000024624000
435	0.00000001641600
436	0.00000365512500
437	0.00000126967500
438	0.00000002052000
439	0.00000000136800
440	0.00001242742500
441	0.00000431689500
442	0.00000007618050
443	0.00000000507870
444	0.00000103561875
445	0.00000035974125
446	0.00000000634838
447	0.00000000042323
448	0.00000975516696
449	0.00000338863694
450	0.00000012700800
451	0.00000000846720
452	0.00001625861160
453	0.00000564772824
454	0.00000021168000
455	0.00000001411200
456	0.00000123171300
457	0.00000042785820
458	0.00000002116800
459	0.00000000141120
460	0.00000205285500
461	0.00000071309700
462	0.00000003528000
463	0.00000000235200
464	0.00000102600000
465	0.00000035640000
466	0.00000000432000
467	0.00000000028800
468	0.00000012112500
469	0.00000004207500
470	0.00000000051000
471	0.00000000003400
472	0.00000015390000
473	0.00000005346000
474	0.00000000005400
475	0.00000000000360
476	0.00000001816875
477	0.00000000631125
478	0.00000000000638
479	0.00000000000043
480	0.00000029561112
481	0.00000010268597
482	0.00000025401600
483	0.00000001693440
484	0.00000049268520
485	0.00000017114328
486	0.00000042336000
487	0.00000002822400
488	0.00000369513900
489	0.00000128357460
490	0.00000009525600
491	0.00000000635040
492	0.00000615856500
493	0.00000213929100
494	0.00000015876000
495	0.00000001058400
496	0.00000923400000
497	0.00000320760000
498	0.00000005184000
499	0.00000000345600
500	0.00000109012500
501	0.00000037867500
502	0.00000000612000
503	0.00000000040800
504	0.00000261630000
505	0.00000090882000
506	0.00000001603800
507	0.00000000106920
508	0.00000030886875
509	0.00000010729125
510	0.00000000189338
511	0.00000000012623
512	0.03269541758314
513	0.01135735558151
514	0.00042568001280
515	0.00002837866752
516	0.00259487441136
517	0.00090137742710
518	0.00003378412800
519	0.00000225227520
520	0.00412820929080
521	0.00143400954312
522	0.00007094666880
523	0.00000472977792
524	0.00032763565800
525	0.00011381028120
526	0.00000563068800
527	0.00000037537920
528	0.00001754460000
529	0.00000609444000
530	0.00000007387200
531	0.00000000492480
532	0.00000146205000
533	0.00000050787000
534	0.00000000615600
535	0.00000000041040
536	0.00000263169000
537	0.00000091416600
538	0.00000000092340
539	0.00000000006156
540	0.00000021930750
541	0.00000007618050
542	0.00000000007695
543	0.00000000000513
544	0.00055042790544
545	0.00019120127242
546	0.00047297779200
547	0.00003153185280
548	0.00004368475440
549	0.00001517470416
550	0.00003753792000
551	0.00000250252800
552	0.00688034881800
553	0.00239001590520
554	0.00017736667200
555	0.00001182444480
556	0.00054605943000
557	0.00018968380200
558	0.00001407672000
559	0.00000093844800
560	0.00008772300000
561	0.00003047220000
562	0.00000049248000
563	0.00000003283200
564	0.00000731025000
565	0.00000253935000
566	0.00000004104000
567	0.00000000273600
568	0.00002485485000
569	0.00000863379000
570	0.00000015236100
571	0.00000001015740
572	0.00000207123750
573	0.00000071948250
574	0.00000001269675
575	0.00000000084645
576	0.00105355803168
577	0.00036597278995
578	0.00001371686400
579	0.00000091445760
580	0.00175593005280
581	0.00060995464992
582	0.00002286144000
583	0.00000152409600
584	0.00013302500400
585	0.00004620868560
586	0.00000228614400
587	0.00000015240960
588	0.00022170834000
589	0.00007701447600
590	0.00000381024000
591	0.00000025401600
592	0.00011080800000
593	0.00003849120000
594	0.00000046656000
595	0.00000003110400
596	0.00001308150000
597	0.00000454410000
598	0.00000005508000
599	0.00000000367200
600	0.00001662120000
601	0.00000577368000
602	0.00000000583200
603	0.00000000038880
604	0.00000196222500
605	0.00000068161500
606	0.00000000068850
607	0.00000000004590
608	0.00000354733344
609	0.00000123223162
610	0.00000304819200
611	0.00000020321280
612	0.00000591222240
613	0.00000205371936
614	0.00000508032000
615	0.00000033868800
616	0.00004434166800
617	0.00001540289520
618	0.00000114307200
619	0.00000007620480
620	0.00007390278000
621	0.00002567149200
622	0.00000190512000
623	0.00000012700800
624	0.00011080800000
625	0.00003849120000
626	0.00000062208000
627	0.00000004147200
628	0.00001308150000
629	0.00000454410000
630	0.00000007344000
631	0.00000000489600
632	0.00003139560000
633	0.00001090584000
634	0.00000019245600
635	0.00000001283040
636	0.00000370642500
637	0.00000128749500
638	0.00000002272050
639	0.00000000151470
640	0.00817385439578
641	0.00283933889538
642	0.00010642000320
643	0.00000709466688
644	0.00064871860284
645	0.00022534435678
646	0.00000844603200
647	0.00000056306880
648	0.00103205232270
649	0.00035850238578
650	0.00001773666720
651	0.00000118244448
652	0.00008190891450
653	0.00002845257030
654	0.00000140767200
655	0.00000009384480
656	0.00000438615000
657	0.00000152361000
658	0.00000001846800
659	0.00000000123120
660	0.00000036551250
661	0.00000012696750
662	0.00000000153900
663	0.00000000010260
664	0.00000065792250
665	0.00000022854150
666	0.00000000023085
667	0.00000000001539
668	0.00000005482688
669	0.00000001904513
670	0.00000000001924
671	0.00000000000128
672	0.00013760697636
673	0.00004780031810
674	0.00011824444800
675	0.00000788296320
676	0.00001092118860
677	0.00000379367604
678	0.00000938448000
679	0.00000062563200
680	0.00172008720450
681	0.00059750397630
682	0.00004434166800
683	0.00000295611120
684	0.00013651485750
685	0.00004742095050
686	0.00000351918000
687	0.00000023461200
688	0.00002193075000
689	0.00000761805000
690	0.00000012312000
691	0.00000000820800
692	0.00000182756250
693	0.00000063483750
694	0.00000001026000
695	0.00000000068400
696	0.00000621371250
697	0.00000215844750
698	0.00000003809025
699	0.00000000253935
700	0.00000051780938
701	0.00000017987063
702	0.00000000317419
703	0.00000000021161
704	0.00026338950792
705	0.00009149319749
706	0.00000342921600
707	0.00000022861440
708	0.00043898251320
709	0.00015248866248
710	0.00000571536000
711	0.00000038102400
712	0.00003325625100
713	0.00001155217140
714	0.00000057153600
715	0.00000003810240
716	0.00005542708500
717	0.00001925361900
718	0.00000095256000
719	0.00000006350400
720	0.00002770200000
721	0.00000962280000
722	0.00000011664000
723	0.00000000777600
724	0.00000327037500
725	0.00000113602500
726	0.00000001377000
727	0.00000000091800
728	0.00000415530000
729	0.00000144342000
730	0.00000000145800
731	0.00000000009720
732	0.00000049055625
733	0.00000017040375
734	0.00000000017213
735	0.00000000001148
736	0.00000088683336
737	0.00000030805790
738	0.00000076204800
739	0.00000005080320
740	0.00000147805560
741	0.00000051342984
742	0.00000127008000
743	0.00000008467200
744	0.00001108541700
745	0.00000385072380
746	0.00000028576800
747	0.00000001905120
748	0.00001847569500
749	0.00000641787300
750	0.00000047628000
751	0.00000003175200
752	0.00002770200000
753	0.00000962280000
754	0.00000015552000
755	0.00000001036800
756	0.00000327037500
757	0.00000113602500
758	0.00000001836000
759	0.00000000122400
760	0.00000784890000
761	0.00000272646000
762	0.00000004811400
763	0.00000000320760
764	0.00000092660625
765	0.00000032187375
766	0.00000000568013
767	0.00000000037868
768	0.00363282417590
769	0.00126192839795
770	0.00004729777920
771	0.00000315318528
772	0.00028831937904
773	0.00010015304746
774	0.00000375379200
775	0.00000025025280
776	0.00045868992120
777	0.00015933439368
778	0.00000788296320
779	0.00000052553088
780	0.00003640396200
781	0.00001264558680
782	0.00000062563200
783	0.00000004170880
784	0.00000194940000
785	0.00000067716000
786	0.00000000820800
787	0.00000000054720
788	0.00000016245000
789	0.00000005643000
790	0.00000000068400
791	0.00000000004560
792	0.00000029241000
793	0.00000010157400
794	0.00000000010260
795	0.00000000000684
796	0.00000002436750
797	0.00000000846450
798	0.00000000000855
799	0.00000000000057
800	0.00165128371632
801	0.00057360381725
802	0.00141893337600
803	0.00009459555840
804	0.00013105426320
805	0.00004552411248
806	0.00011261376000
807	0.00000750758400
808	0.02064104645400
809	0.00717004771560
810	0.00053210001600
811	0.00003547333440
812	0.00163817829000
813	0.00056905140600
814	0.00004223016000
815	0.00000281534400
816	0.00026316900000
817	0.00009141660000
818	0.00000147744000
819	0.00000009849600
820	0.00002193075000
821	0.00000761805000
822	0.00000012312000
823	0.00000000820800
824	0.00007456455000
825	0.00002590137000
826	0.00000045708300
827	0.00000003047220
828	0.00000621371250
829	0.00000215844750
830	0.00000003809025
831	0.00000000253935
832	0.00011706200352
833	0.00004066364333
834	0.00000152409600
835	0.00000010160640
836	0.00019510333920
837	0.00006777273888
838	0.00000254016000
839	0.00000016934400
840	0.00001478055600
841	0.00000513429840
842	0.00000025401600
843	0.00000001693440
844	0.00002463426000
845	0.00000855716400
846	0.00000042336000
847	0.00000002822400
848	0.00001231200000
849	0.00000427680000
850	0.00000005184000
851	0.00000000345600
852	0.00000145350000
853	0.00000050490000
854	0.00000000612000
855	0.00000000040800
856	0.00000184680000
857	0.00000064152000
858	0.00000000064800
859	0.00000000004320
860	0.00000021802500
861	0.00000007573500
862	0.00000000007650
863	0.00000000000510
864	0.00001064200032
865	0.00000369669485
866	0.00000914457600
867	0.00000060963840
868	0.00001773666720
869	0.00000616115808
870	0.00001524096000
871	0.00000101606400
872	0.00013302500400
873	0.00004620868560
874	0.00000342921600
875	0.00000022861440
876	0.00022170834000
877	0.00007701447600
878	0.00000571536000
879	0.00000038102400
880	0.00033242400000
881	0.00011547360000
882	0.00000186624000
883	0.00000012441600
884	0.00003924450000
885	0.00001363230000
886	0.00000022032000
887	0.00000001468800
888	0.00009418680000
889	0.00003271752000
890	0.00000057736800
891	0.00000003849120
892	0.00001111927500
893	0.00000386248500
894	0.00000006816150
895	0.00000000454410
896	0.00090820604398
897	0.00031548209949
898	0.00001182444480
899	0.00000078829632
900	0.00007207984476
901	0.00002503826186
902	0.00000093844800
903	0.00000006256320
904	0.00011467248030
905	0.00003983359842
906	0.00000197074080
907	0.00000013138272
908	0.00000910099050
909	0.00000316139670
910	0.00000015640800
911	0.00000001042720
912	0.00000048735000
913	0.00000016929000
914	0.00000000205200
915	0.00000000013680
916	0.00000004061250
917	0.00000001410750
918	0.00000000017100
919	0.00000000001140
920	0.00000007310250
921	0.00000002539350
922	0.00000000002565
923	0.00000000000171
924	0.00000000609188
925	0.00000000211613
926	0.00000000000214
927	0.00000000000014
928	0.00041282092908
929	0.00014340095431
930	0.00035473334400
931	0.00002364888960
932	0.00003276356580
933	0.00001138102812
934	0.00002815344000
935	0.00000187689600
936	0.00516026161350
937	0.00179251192890
938	0.00013302500400
939	0.00000886833360
940	0.00040954457250
941	0.00014226285150
942	0.00001055754000
943	0.00000070383600
944	0.00006579225000
945	0.00002285415000
946	0.00000036936000
947	0.00000002462400
948	0.00000548268750
949	0.00000190451250
950	0.00000003078000
951	0.00000000205200
952	0.00001864113750
953	0.00000647534250
954	0.00000011427075
955	0.00000000761805
956	0.00000155342813
957	0.00000053961188
958	0.00000000952256
959	0.00000000063484
960	0.00002926550088
961	0.00001016591083
962	0.00000038102400
963	0.00000002540160
964	0.00004877583480
965	0.00001694318472
966	0.00000063504000
967	0.00000004233600
968	0.00000369513900
969	0.00000128357460
970	0.00000006350400
971	0.00000000423360
972	0.00000615856500
973	0.00000213929100
974	0.00000010584000
975	0.00000000705600
976	0.00000307800000
977	0.00000106920000
978	0.00000001296000
979	0.00000000086400
980	0.00000036337500
981	0.00000012622500
982	0.00000000153000
983	0.00000000010200
984	0.00000046170000
985	0.00000016038000
986	0.00000000016200
987	0.00000000001080
988	0.00000005450625
989	0.00000001893375
990	0.00000000001913
991	0.00000000000128
992	0.00000266050008
993	0.00000092417371
994	0.00000228614400
995	0.00000015240960
996	0.00000443416680
997	0.00000154028952
998	0.00000381024000
999	0.00000025401600
1000	0.00003325625100
1001	0.00001155217140
1002	0.00000085730400
1003	0.00000005715360
1004	0.00005542708500
1005	0.00001925361900
1006	0.00000142884000
1007	0.00000009525600
1008	0.00008310600000
1009	0.00002886840000
1010	0.00000046656000
1011	0.00000003110400
1012	0.00000981112500
1013	0.00000340807500
1014	0.00000005508000
1015	0.00000000367200
1016	0.00002354670000
1017	0.00000817938000
1018	0.00000014434200
1019	0.00000000962280
1020	0.00000277981875
1021	0.00000096562125
1022	0.00000001704038
1023	0.00000000113603
1024	0.01548730306570
1025	0.00537980001229
1026	0.00020163790080
1027	0.00001344252672
1028	0.00122915103696
1029	0.00042696825494
1030	0.00001600300800
1031	0.00000106686720
1032	0.00195546755880
1033	0.00067926767832
1034	0.00003360631680
1035	0.00000224042112
1036	0.00015519583800
1037	0.00005391013320
1038	0.00000266716800
1039	0.00000017781120
1040	0.00000831060000
1041	0.00000288684000
1042	0.00000003499200
1043	0.00000000233280
1044	0.00000069255000
1045	0.00000024057000
1046	0.00000000291600
1047	0.00000000019440
1048	0.00000124659000
1049	0.00000043302600
1050	0.00000000043740
1051	0.00000000002916
1052	0.00000010388250
1053	0.00000003608550
1054	0.00000000003645
1055	0.00000000000243
1056	0.00001931325984
1057	0.00000670881658
1058	0.00001659571200
1059	0.00000110638080
1060	0.00000153279840
1061	0.00000053244576
1062	0.00000131712000
1063	0.00000008780800
1064	0.00024141574800
1065	0.00008386020720
1066	0.00000622339200
1067	0.00000041489280
1068	0.00001915998000
1069	0.00000665557200
1070	0.00000049392000
1071	0.00000003292800
1072	0.00000307800000
1073	0.00000106920000
1074	0.00000001728000
1075	0.00000000115200
1076	0.00000025650000
1077	0.00000008910000
1078	0.00000000144000
1079	0.00000000009600
1080	0.00000087210000
1081	0.00000030294000
1082	0.00000000534600
1083	0.00000000035640
1084	0.00000007267500
1085	0.00000002524500
1086	0.00000000044550
1087	0.00000000002970
1088	0.00140474404224
1089	0.00048796371994
1090	0.00001828915200
1091	0.00000121927680
1092	0.00234124007040
1093	0.00081327286656
1094	0.00003048192000
1095	0.00000203212800
1096	0.00017736667200
1097	0.00006161158080
1098	0.00000304819200
1099	0.00000020321280
1100	0.00029561112000
1101	0.00010268596800
1102	0.00000508032000
1103	0.00000033868800
1104	0.00014774400000
1105	0.00005132160000
1106	0.00000062208000
1107	0.00000004147200
1108	0.00001744200000
1109	0.00000605880000
1110	0.00000007344000
1111	0.00000000489600
1112	0.00002216160000
1113	0.00000769824000
1114	0.00000000777600
1115	0.00000000051840
1116	0.00000261630000
1117	0.00000090882000
1118	0.00000000091800
1119	0.00000000006120
1120	0.00000157659264
1121	0.00000054765850
1122	0.00000135475200
1123	0.00000009031680
1124	0.00000262765440
1125	0.00000091276416
1126	0.00000225792000
1127	0.00000015052800
1128	0.00001970740800
1129	0.00000684573120
1130	0.00000050803200
1131	0.00000003386880
1132	0.00003284568000
1133	0.00001140955200
1134	0.00000084672000
1135	0.00000005644800
1136	0.00004924800000
1137	0.00001710720000
1138	0.00000027648000
1139	0.00000001843200
1140	0.00000581400000
1141	0.00000201960000
1142	0.00000003264000
1143	0.00000000217600
1144	0.00001395360000
1145	0.00000484704000
1146	0.00000008553600
1147	0.00000000570240
1148	0.00000164730000
1149	0.00000057222000
1150	0.00000001009800
1151	0.00000000067320
1152	0.00387182576642
1153	0.00134495000307
1154	0.00005040947520
1155	0.00000336063168
1156	0.00030728775924
1157	0.00010674206374
1158	0.00000400075200
1159	0.00000026671680
1160	0.00048886688970
1161	0.00016981691958
1162	0.00000840157920
1163	0.00000056010528
1164	0.00003879895950
1165	0.00001347753330
1166	0.00000066679200
1167	0.00000004445280
1168	0.00000207765000
1169	0.00000072171000
1170	0.00000000874800
1171	0.00000000058320
1172	0.00000017313750
1173	0.00000006014250
1174	0.00000000072900
1175	0.00000000004860
1176	0.00000031164750
1177	0.00000010825650
1178	0.00000000010935
1179	0.00000000000729
1180	0.00000002597063
1181	0.00000000902138
1182	0.00000000000911
1183	0.00000000000061
1184	0.00000482831496
1185	0.00000167720414
1186	0.00000414892800
1187	0.00000027659520
1188	0.00000038319960
1189	0.00000013311144
1190	0.00000032928000
1191	0.00000002195200
1192	0.00006035393700
1193	0.00002096505180
1194	0.00000155584800
1195	0.00000010372320
1196	0.00000478999500
1197	0.00000166389300
1198	0.00000012348000
1199	0.00000000823200
1200	0.00000076950000
1201	0.00000026730000
1202	0.00000000432000
1203	0.00000000028800
1204	0.00000006412500
1205	0.00000002227500
1206	0.00000000036000
1207	0.00000000002400
1208	0.00000021802500
1209	0.00000007573500
1210	0.00000000133650
1211	0.00000000008910
1212	0.00000001816875
1213	0.00000000631125
1214	0.00000000011138
1215	0.00000000000743
1216	0.00035118601056
1217	0.00012199092998
1218	0.00000457228800
1219	0.00000030481920
1220	0.00058531001760
1221	0.00020331821664
1222	0.00000762048000
1223	0.00000050803200
1224	0.00004434166800
1225	0.00001540289520
1226	0.00000076204800
1227	0.00000005080320
1228	0.00007390278000
1229	0.00002567149200
1230	0.00000127008000
1231	0.00000008467200
1232	0.00003693600000
1233	0.00001283040000
1234	0.00000015552000
1235	0.00000001036800
1236	0.00000436050000
1237	0.00000151470000
1238	0.00000001836000
1239	0.00000000122400
1240	0.00000554040000
1241	0.00000192456000
1242	0.00000000194400
1243	0.00000000012960
1244	0.00000065407500
1245	0.00000022720500
1246	0.00000000022950
1247	0.00000000001530
1248	0.00000039414816
1249	0.00000013691462
1250	0.00000033868800
1251	0.00000002257920
1252	0.00000065691360
1253	0.00000022819104
1254	0.00000056448000
1255	0.00000003763200
1256	0.00000492685200
1257	0.00000171143280
1258	0.00000012700800
1259	0.00000000846720
1260	0.00000821142000
1261	0.00000285238800
1262	0.00000021168000
1263	0.00000001411200
1264	0.00001231200000
1265	0.00000427680000
1266	0.00000006912000
1267	0.00000000460800
1268	0.00000145350000
1269	0.00000050490000
1270	0.00000000816000
1271	0.00000000054400
1272	0.00000348840000
1273	0.00000121176000
1274	0.00000002138400
1275	0.00000000142560
1276	0.00000041182500
1277	0.00000014305500
1278	0.00000000252450
1279	0.00000000016830
1280	0.00172081145174
1281	0.00059775555692
1282	0.00002240421120
1283	0.00000149361408
1284	0.00013657233744
1285	0.00004744091722
1286	0.00000177811200
1287	0.00000011854080
1288	0.00021727417320
1289	0.00007547418648
1290	0.00000373403520
1291	0.00000024893568
1292	0.00001724398200
1293	0.00000599001480
1294	0.00000029635200
1295	0.00000001975680
1296	0.00000092340000
1297	0.00000032076000
1298	0.00000000388800
1299	0.00000000025920
1300	0.00000007695000
1301	0.00000002673000
1302	0.00000000032400
1303	0.00000000002160
1304	0.00000013851000
1305	0.00000004811400
1306	0.00000000004860
1307	0.00000000000324
1308	0.00000001154250
1309	0.00000000400950
1310	0.00000000000405
1311	0.00000000000027
1312	0.00005793977952
1313	0.00002012644973
1314	0.00004978713600
1315	0.00000331914240
1316	0.00000459839520
1317	0.00000159733728
1318	0.00000395136000
1319	0.00000026342400
1320	0.00072424724400
1321	0.00025158062160
1322	0.00001867017600
1323	0.00000124467840
1324	0.00005747994000
1325	0.00001996671600
1326	0.00000148176000
1327	0.00000009878400
1328	0.00000923400000
1329	0.00000320760000
1330	0.00000005184000
1331	0.00000000345600
1332	0.00000076950000
1333	0.00000026730000
1334	0.00000000432000
1335	0.00000000028800
1336	0.00000261630000
1337	0.00000090882000
1338	0.00000001603800
1339	0.00000000106920
1340	0.00000021802500
1341	0.00000007573500
1342	0.00000000133650
1343	0.00000000008910
1344	0.00015608267136
1345	0.00005421819110
1346	0.00000203212800
1347	0.00000013547520
1348	0.00026013778560
1349	0.00009036365184
1350	0.00000338688000
1351	0.00000022579200
1352	0.00001970740800
1353	0.00000684573120
1354	0.00000033868800
1355	0.00000002257920
1356	0.00003284568000
1357	0.00001140955200
1358	0.00000056448000
1359	0.00000003763200
1360	0.00001641600000
1361	0.00000570240000
1362	0.00000006912000
1363	0.00000000460800
1364	0.00000193800000
1365	0.00000067320000
1366	0.00000000816000
1367	0.00000000054400
1368	0.00000246240000
1369	0.00000085536000
1370	0.00000000086400
1371	0.00000000005760
1372	0.00000029070000
1373	0.00000010098000
1374	0.00000000010200
1375	0.00000000000680
1376	0.00000472977792
1377	0.00000164297549
1378	0.00000406425600
1379	0.00000027095040
1380	0.00000788296320
1381	0.00000273829248
1382	0.00000677376000
1383	0.00000045158400
1384	0.00005912222400
1385	0.00002053719360
1386	0.00000152409600
1387	0.00000010160640
1388	0.00009853704000
1389	0.00003422865600
1390	0.00000254016000
1391	0.00000016934400
1392	0.00014774400000
1393	0.00005132160000
1394	0.00000082944000
1395	0.00000005529600
1396	0.00001744200000
1397	0.00000605880000
1398	0.00000009792000
1399	0.00000000652800
1400	0.00004186080000
1401	0.00001454112000
1402	0.00000025660800
1403	0.00000001710720
1404	0.00000494190000
1405	0.00000171666000
1406	0.00000003029400
1407	0.00000000201960
1408	0.00043020286294
1409	0.00014943888923
1410	0.00000560105280
1411	0.00000037340352
1412	0.00003414308436
1413	0.00001186022930
1414	0.00000044452800
1415	0.00000002963520
1416	0.00005431854330
1417	0.00001886854662
1418	0.00000093350880
1419	0.00000006223392
1420	0.00000431099550
1421	0.00000149750370
1422	0.00000007408800
1423	0.00000000493920
1424	0.00000023085000
1425	0.00000008019000
1426	0.00000000097200
1427	0.00000000006480
1428	0.00000001923750
1429	0.00000000668250
1430	0.00000000008100
1431	0.00000000000540
1432	0.00000003462750
1433	0.00000001202850
1434	0.00000000001215
1435	0.00000000000081
1436	0.00000000288563
1437	0.00000000100238
1438	0.00000000000101
1439	0.00000000000007
1440	0.00001448494488
1441	0.00000503161243
1442	0.00001244678400
1443	0.00000082978560
1444	0.00000114959880
1445	0.00000039933432
1446	0.00000098784000
1447	0.00000006585600
1448	0.00018106181100
1449	0.00006289515540
1450	0.00000466754400
1451	0.00000031116960
1452	0.00001436998500
1453	0.00000499167900
1454	0.00000037044000
1455	0.00000002469600
1456	0.00000230850000
1457	0.00000080190000
1458	0.00000001296000
1459	0.00000000086400
1460	0.00000019237500
1461	0.00000006682500
1462	0.00000000108000
1463	0.00000000007200
1464	0.00000065407500
1465	0.00000022720500
1466	0.00000000400950
1467	0.00000000026730
1468	0.00000005450625
1469	0.00000001893375
1470	0.00000000033413
1471	0.00000000002228
1472	0.00003902066784
1473	0.00001355454778
1474	0.00000050803200
1475	0.00000003386880
1476	0.00006503444640
1477	0.00002259091296
1478	0.00000084672000
1479	0.00000005644800
1480	0.00000492685200
1481	0.00000171143280
1482	0.00000008467200
1483	0.00000000564480
1484	0.00000821142000
1485	0.00000285238800
1486	0.00000014112000
1487	0.00000000940800
1488	0.00000410400000
1489	0.00000142560000
1490	0.00000001728000
1491	0.00000000115200
1492	0.00000048450000
1493	0.00000016830000
1494	0.00000000204000
1495	0.00000000013600
1496	0.00000061560000
1497	0.00000021384000
1498	0.00000000021600
1499	0.00000000001440
1500	0.00000007267500
1501	0.00000002524500
1502	0.00000000002550
1503	0.00000000000170
1504	0.00000118244448
1505	0.00000041074387
1506	0.00000101606400
1507	0.00000006773760
1508	0.00000197074080
1509	0.00000068457312
1510	0.00000169344000
1511	0.00000011289600
1512	0.00001478055600
1513	0.00000513429840
1514	0.00000038102400
1515	0.00000002540160
1516	0.00002463426000
1517	0.00000855716400
1518	0.00000063504000
1519	0.00000004233600
1520	0.00003693600000
1521	0.00001283040000
1522	0.00000020736000
1523	0.00000001382400
1524	0.00000436050000
1525	0.00000151470000
1526	0.00000002448000
1527	0.00000000163200
1528	0.00001046520000
1529	0.00000363528000
1530	0.00000006415200
1531	0.00000000427680
1532	0.00000123547500
1533	0.00000042916500
1534	0.00000000757350
1535	0.00000000050490
1536	0.00172081145174
1537	0.00059775555692
1538	0.00002240421120
1539	0.00000149361408
1540	0.00013657233744
1541	0.00004744091722
1542	0.00000177811200
1543	0.00000011854080
1544	0.00021727417320
1545	0.00007547418648
1546	0.00000373403520
1547	0.00000024893568
1548	0.00001724398200
1549	0.00000599001480
1550	0.00000029635200
1551	0.00000001975680
1552	0.00000092340000
1553	0.00000032076000
1554	0.00000000388800
1555	0.00000000025920
1556	0.00000007695000
1557	0.00000002673000
1558	0.00000000032400
1559	0.00000000002160
1560	0.00000013851000
1561	0.00000004811400
1562	0.00000000004860
1563	0.00000000000324
1564	0.00000001154250
1565	0.00000000400950
1566	0.00000000000405
1567	0.00000000000027
1568	0.00002896988976
1569	0.00001006322486
1570	0.00002489356800
1571	0.00000165957120
1572	0.00000229919760
1573	0.00000079866864
1574	0.00000197568000
1575	0.00000013171200
1576	0.00036212362200
1577	0.00012579031080
1578	0.00000933508800
1579	0.00000062233920
1580	0.00002873997000
1581	0.00000998335800
1582	0.00000074088000
1583	0.00000004939200
1584	0.00000461700000
1585	0.00000160380000
1586	0.00000002592000
1587	0.00000000172800
1588	0.00000038475000
1589	0.00000013365000
1590	0.00000000216000
1591	0.00000000014400
1592	0.00000130815000
1593	0.00000045441000
1594	0.00000000801900
1595	0.00000000053460
1596	0.00000010901250
1597	0.00000003786750
1598	0.00000000066825
1599	0.00000000004455
1600	0.00421423212672
1601	0.00146389115981
1602	0.00005486745600
1603	0.00000365783040
1604	0.00702372021120
1605	0.00243981859968
1606	0.00009144576000
1607	0.00000609638400
1608	0.00053210001600
1609	0.00018483474240
1610	0.00000914457600
1611	0.00000060963840
1612	0.00088683336000
1613	0.00030805790400
1614	0.00001524096000
1615	0.00000101606400
1616	0.00044323200000
1617	0.00015396480000
1618	0.00000186624000
1619	0.00000012441600
1620	0.00005232600000
1621	0.00001817640000
1622	0.00000022032000
1623	0.00000001468800
1624	0.00006648480000
1625	0.00002309472000
1626	0.00000002332800
1627	0.00000000155520
1628	0.00000784890000
1629	0.00000272646000
1630	0.00000000275400
1631	0.00000000018360
1632	0.00001418933376
1633	0.00000492892646
1634	0.00001219276800
1635	0.00000081285120
1636	0.00002364888960
1637	0.00000821487744
1638	0.00002032128000
1639	0.00000135475200
1640	0.00017736667200
1641	0.00006161158080
1642	0.00000457228800
1643	0.00000030481920
1644	0.00029561112000
1645	0.00010268596800
1646	0.00000762048000
1647	0.00000050803200
1648	0.00044323200000
1649	0.00015396480000
1650	0.00000248832000
1651	0.00000016588800
1652	0.00005232600000
1653	0.00001817640000
1654	0.00000029376000
1655	0.00000001958400
1656	0.00012558240000
1657	0.00004362336000
1658	0.00000076982400
1659	0.00000005132160
1660	0.00001482570000
1661	0.00000514998000
1662	0.00000009088200
1663	0.00000000605880
1664	0.00043020286294
1665	0.00014943888923
1666	0.00000560105280
1667	0.00000037340352
1668	0.00003414308436
1669	0.00001186022930
1670	0.00000044452800
1671	0.00000002963520
1672	0.00005431854330
1673	0.00001886854662
1674	0.00000093350880
1675	0.00000006223392
1676	0.00000431099550
1677	0.00000149750370
1678	0.00000007408800
1679	0.00000000493920
1680	0.00000023085000
1681	0.00000008019000
1682	0.00000000097200
1683	0.00000000006480
1684	0.00000001923750
1685	0.00000000668250
1686	0.00000000008100
1687	0.00000000000540
1688	0.00000003462750
1689	0.00000001202850
1690	0.00000000001215
1691	0.00000000000081
1692	0.00000000288563
1693	0.00000000100238
1694	0.00000000000101
1695	0.00000000000007
1696	0.00000724247244
1697	0.00000251580622
1698	0.00000622339200
1699	0.00000041489280
1700	0.00000057479940
1701	0.00000019966716
1702	0.00000049392000
1703	0.00000003292800
1704	0.00009053090550
1705	0.00003144757770
1706	0.00000233377200
1707	0.00000015558480
1708	0.00000718499250
1709	0.00000249583950
1710	0.00000018522000
1711	0.00000001234800
1712	0.00000115425000
1713	0.00000040095000
1714	0.00000000648000
1715	0.00000000043200
1716	0.00000009618750
1717	0.00000003341250
1718	0.00000000054000
1719	0.00000000003600
1720	0.00000032703750
1721	0.00000011360250
1722	0.00000000200475
1723	0.00000000013365
1724	0.00000002725313
1725	0.00000000946688
1726	0.00000000016706
1727	0.00000000001114
1728	0.00105355803168
1729	0.00036597278995
1730	0.00001371686400
1731	0.00000091445760
1732	0.00175593005280
1733	0.00060995464992
1734	0.00002286144000
1735	0.00000152409600
1736	0.00013302500400
1737	0.00004620868560
1738	0.00000228614400
1739	0.00000015240960
1740	0.00022170834000
1741	0.00007701447600
1742	0.00000381024000
1743	0.00000025401600
1744	0.00011080800000
1745	0.00003849120000
1746	0.00000046656000
1747	0.00000003110400
1748	0.00001308150000
1749	0.00000454410000
1750	0.00000005508000
1751	0.00000000367200
1752	0.00001662120000
1753	0.00000577368000
1754	0.00000000583200
1755	0.00000000038880
1756	0.00000196222500
1757	0.00000068161500
1758	0.00000000068850
1759	0.00000000004590
1760	0.00000354733344
1761	0.00000123223162
1762	0.00000304819200
1763	0.00000020321280
1764	0.00000591222240
1765	0.00000205371936
1766	0.00000508032000
1767	0.00000033868800
1768	0.00004434166800
1769	0.00001540289520
1770	0.00000114307200
1771	0.00000007620480
1772	0.00007390278000
1773	0.00002567149200
1774	0.00000190512000
1775	0.00000012700800
1776	0.00011080800000
1777	0.00003849120000
1778	0.00000062208000
1779	0.00000004147200
1780	0.00001308150000
1781	0.00000454410000
1782	0.00000007344000
1783	0.00000000489600
1784	0.00003139560000
1785	0.00001090584000
1786	0.00000019245600
1787	0.00000001283040
1788	0.00000370642500
1789	0.00000128749500
1790	0.00000002272050
1791	0.00000000151470
1792	0.00019120127242
1793	0.00006641728410
1794	0.00000248935680
1795	0.00000016595712
1796	0.00001517470416
1797	0.00000527121302
1798	0.00000019756800
1799	0.00000001317120
1800	0.00002414157480
1801	0.00000838602072
1802	0.00000041489280
1803	0.00000002765952
1804	0.00000191599800
1805	0.00000066555720
1806	0.00000003292800
1807	0.00000000219520
1808	0.00000010260000
1809	0.00000003564000
1810	0.00000000043200
1811	0.00000000002880
1812	0.00000000855000
1813	0.00000000297000
1814	0.00000000003600
1815	0.00000000000240
1816	0.00000001539000
1817	0.00000000534600
1818	0.00000000000540
1819	0.00000000000036
1820	0.00000000128250
1821	0.00000000044550
1822	0.00000000000045
1823	0.00000000000003
1824	0.00008690966928
1825	0.00003018967459
1826	0.00007468070400
1827	0.00000497871360
1828	0.00000689759280
1829	0.00000239600592
1830	0.00000592704000
1831	0.00000039513600
1832	0.00108637086600
1833	0.00037737093240
1834	0.00002800526400
1835	0.00000186701760
1836	0.00008621991000
1837	0.00002995007400
1838	0.00000222264000
1839	0.00000014817600
1840	0.00001385100000
1841	0.00000481140000
1842	0.00000007776000
1843	0.00000000518400
1844	0.00000115425000
1845	0.00000040095000
1846	0.00000000648000
1847	0.00000000043200
1848	0.00000392445000
1849	0.00000136323000
1850	0.00000002405700
1851	0.00000000160380
1852	0.00000032703750
1853	0.00000011360250
1854	0.00000000200475
1855	0.00000000013365
1856	0.00046824801408
1857	0.00016265457331
1858	0.00000609638400
1859	0.00000040642560
1860	0.00078041335680
1861	0.00027109095552
1862	0.00001016064000
1863	0.00000067737600
1864	0.00005912222400
1865	0.00002053719360
1866	0.00000101606400
1867	0.00000006773760
1868	0.00009853704000
1869	0.00003422865600
1870	0.00000169344000
1871	0.00000011289600
1872	0.00004924800000
1873	0.00001710720000
1874	0.00000020736000
1875	0.00000001382400
1876	0.00000581400000
1877	0.00000201960000
1878	0.00000002448000
1879	0.00000000163200
1880	0.00000738720000
1881	0.00000256608000
1882	0.00000000259200
1883	0.00000000017280
1884	0.00000087210000
1885	0.00000030294000
1886	0.00000000030600
1887	0.00000000002040
1888	0.00004256800128
1889	0.00001478677939
1890	0.00003657830400
1891	0.00000243855360
1892	0.00007094666880
1893	0.00002464463232
1894	0.00006096384000
1895	0.00000406425600
1896	0.00053210001600
1897	0.00018483474240
1898	0.00001371686400
1899	0.00000091445760
1900	0.00088683336000
1901	0.00030805790400
1902	0.00002286144000
1903	0.00000152409600
1904	0.00132969600000
1905	0.00046189440000
1906	0.00000746496000
1907	0.00000049766400
1908	0.00015697800000
1909	0.00005452920000
1910	0.00000088128000
1911	0.00000005875200
1912	0.00037674720000
1913	0.00013087008000
1914	0.00000230947200
1915	0.00000015396480
1916	0.00004447710000
1917	0.00001544994000
1918	0.00000027264600
1919	0.00000001817640
1920	0.00004780031810
1921	0.00001660432103
1922	0.00000062233920
1923	0.00000004148928
1924	0.00000379367604
1925	0.00000131780326
1926	0.00000004939200
1927	0.00000000329280
1928	0.00000603539370
1929	0.00000209650518
1930	0.00000010372320
1931	0.00000000691488
1932	0.00000047899950
1933	0.00000016638930
1934	0.00000000823200
1935	0.00000000054880
1936	0.00000002565000
1937	0.00000000891000
1938	0.00000000010800
1939	0.00000000000720
1940	0.00000000213750
1941	0.00000000074250
1942	0.00000000000900
1943	0.00000000000060
1944	0.00000000384750
1945	0.00000000133650
1946	0.00000000000135
1947	0.00000000000009
1948	0.00000000032063
1949	0.00000000011138
1950	0.00000000000011
1951	0.00000000000001
1952	0.00002172741732
1953	0.00000754741865
1954	0.00001867017600
1955	0.00000124467840
1956	0.00000172439820
1957	0.00000059900148
1958	0.00000148176000
1959	0.00000009878400
1960	0.00027159271650
1961	0.00009434273310
1962	0.00000700131600
1963	0.00000046675440
1964	0.00002155497750
1965	0.00000748751850
1966	0.00000055566000
1967	0.00000003704400
1968	0.00000346275000
1969	0.00000120285000
1970	0.00000001944000
1971	0.00000000129600
1972	0.00000028856250
1973	0.00000010023750
1974	0.00000000162000
1975	0.00000000010800
1976	0.00000098111250
1977	0.00000034080750
1978	0.00000000601425
1979	0.00000000040095
1980	0.00000008175938
1981	0.00000002840063
1982	0.00000000050119
1983	0.00000000003341
1984	0.00011706200352
1985	0.00004066364333
1986	0.00000152409600
1987	0.00000010160640
1988	0.00019510333920
1989	0.00006777273888
1990	0.00000254016000
1991	0.00000016934400
1992	0.00001478055600
1993	0.00000513429840
1994	0.00000025401600
1995	0.00000001693440
1996	0.00002463426000
1997	0.00000855716400
1998	0.00000042336000
1999	0.00000002822400
2000	0.00001231200000
2001	0.00000427680000
2002	0.00000005184000
2003	0.00000000345600
2004	0.00000145350000
2005	0.00000050490000
2006	0.00000000612000
2007	0.00000000040800
2008	0.00000184680000
2009	0.00000064152000
2010	0.00000000064800
2011	0.00000000004320
2012	0.00000021802500
2013	0.00000007573500
2014	0.00000000007650
2015	0.00000000000510
2016	0.00001064200032
2017	0.00000369669485
2018	0.00000914457600
2019	0.00000060963840
2020	0.00001773666720
2021	0.00000616115808
2022	0.00001524096000
2023	0.00000101606400
2024	0.00013302500400
2025	0.00004620868560
2026	0.00000342921600
2027	0.00000022861440
2028	0.00022170834000
2029	0.00007701447600
2030	0.00000571536000
2031	0.00000038102400
2032	0.00033242400000
2033	0.00011547360000
2034	0.00000186624000
2035	0.00000012441600
2036	0.00003924450000
2037	0.00001363230000
2038	0.00000022032000
2039	0.00000001468800
2040	0.00009418680000
2041	0.00003271752000
2042	0.00000057736800
2043	0.00000003849120
2044	0.00001111927500
2045	0.00000386248500
2046	0.00000006816150
2047	0.00000000454410
2048	0.00600528078058
2049	0.00208604490273
2050	0.00574668017280
2051	0.00038311201152
2052	0.00047660958576
2053	0.00016555911926
2054	0.00045608572800
2055	0.00003040571520
2056	0.00075824252280
2057	0.00026338950792
2058	0.00095778002880
2059	0.00006385200192
2060	0.00006017797800
2061	0.00002090392920
2062	0.00007601428800
2063	0.00000506761920
2064	0.00015790140000
2065	0.00005484996000
2066	0.00001263211200
2067	0.00000084214080
2068	0.00001315845000
2069	0.00000457083000
2070	0.00000105267600
2071	0.00000007017840
2072	0.00002368521000
2073	0.00000822749400
2074	0.00000015790140
2075	0.00000001052676
2076	0.00000197376750
2077	0.00000068562450
2078	0.00000001315845
2079	0.00000000087723
2080	0.00000748881504
2081	0.00000260137786
2082	0.00047297779200
2083	0.00003153185280
2084	0.00000059435040
2085	0.00000020645856
2086	0.00003753792000
2087	0.00000250252800
2088	0.00009361018800
2089	0.00003251722320
2090	0.00017736667200
2091	0.00001182444480
2092	0.00000742938000
2093	0.00000258073200
2094	0.00001407672000
2095	0.00000093844800
2096	0.00005848200000
2097	0.00002031480000
2098	0.00000623808000
2099	0.00000041587200
2100	0.00000487350000
2101	0.00000169290000
2102	0.00000051984000
2103	0.00000003465600
2104	0.00001656990000
2105	0.00000575586000
2106	0.00000192990600
2107	0.00000012866040
2108	0.00000138082500
2109	0.00000047965500
2110	0.00000016082550
2111	0.00000001072170
2112	0.00000716706144
2113	0.00000248961082
2114	0.00000685843200
2115	0.00000045722880
2116	0.00001194510240
2117	0.00000414935136
2118	0.00001143072000
2119	0.00000076204800
2120	0.00000090493200
2121	0.00000031434480
2122	0.00000114307200
2123	0.00000007620480
2124	0.00000150822000
2125	0.00000052390800
2126	0.00000190512000
2127	0.00000012700800
2128	0.00003693600000
2129	0.00001283040000
2130	0.00000295488000
2131	0.00000019699200
2132	0.00000436050000
2133	0.00000151470000
2134	0.00000034884000
2135	0.00000002325600
2136	0.00000554040000
2137	0.00000192456000
2138	0.00000003693600
2139	0.00000000246240
2140	0.00000065407500
2141	0.00000022720500
2142	0.00000000436050
2143	0.00000000029070
2144	0.00000000804384
2145	0.00000000279418
2146	0.00000050803200
2147	0.00000003386880
2148	0.00000001340640
2149	0.00000000465696
2150	0.00000084672000
2151	0.00000005644800
2152	0.00000010054800
2153	0.00000003492720
2154	0.00000019051200
2155	0.00000001270080
2156	0.00000016758000
2157	0.00000005821200
2158	0.00000031752000
2159	0.00000002116800
2160	0.00001231200000
2161	0.00000427680000
2162	0.00000131328000
2163	0.00000008755200
2164	0.00000145350000
2165	0.00000050490000
2166	0.00000015504000
2167	0.00000001033600
2168	0.00000348840000
2169	0.00000121176000
2170	0.00000040629600
2171	0.00000002708640
2172	0.00000041182500
2173	0.00000014305500
2174	0.00000004796550
2175	0.00000000319770
2176	0.00150132019514
2177	0.00052151122568
2178	0.00143667004320
2179	0.00009577800288
2180	0.00011915239644
2181	0.00004138977982
2182	0.00011402143200
2183	0.00000760142880
2184	0.00018956063070
2185	0.00006584737698
2186	0.00023944500720
2187	0.00001596300048
2188	0.00001504449450
2189	0.00000522598230
2190	0.00001900357200
2191	0.00000126690480
2192	0.00003947535000
2193	0.00001371249000
2194	0.00000315802800
2195	0.00000021053520
2196	0.00000328961250
2197	0.00000114270750
2198	0.00000026316900
2199	0.00000001754460
2200	0.00000592130250
2201	0.00000205687350
2202	0.00000003947535
2203	0.00000000263169
2204	0.00000049344188
2205	0.00000017140613
2206	0.00000000328961
2207	0.00000000021931
2208	0.00000187220376
2209	0.00000065034446
2210	0.00011824444800
2211	0.00000788296320
2212	0.00000014858760
2213	0.00000005161464
2214	0.00000938448000
2215	0.00000062563200
2216	0.00002340254700
2217	0.00000812930580
2218	0.00004434166800
2219	0.00000295611120
2220	0.00000185734500
2221	0.00000064518300
2222	0.00000351918000
2223	0.00000023461200
2224	0.00001462050000
2225	0.00000507870000
2226	0.00000155952000
2227	0.00000010396800
2228	0.00000121837500
2229	0.00000042322500
2230	0.00000012996000
2231	0.00000000866400
2232	0.00000414247500
2233	0.00000143896500
2234	0.00000048247650
2235	0.00000003216510
2236	0.00000034520625
2237	0.00000011991375
2238	0.00000004020638
2239	0.00000000268043
2240	0.00000179176536
2241	0.00000062240270
2242	0.00000171460800
2243	0.00000011430720
2244	0.00000298627560
2245	0.00000103733784
2246	0.00000285768000
2247	0.00000019051200
2248	0.00000022623300
2249	0.00000007858620
2250	0.00000028576800
2251	0.00000001905120
2252	0.00000037705500
2253	0.00000013097700
2254	0.00000047628000
2255	0.00000003175200
2256	0.00000923400000
2257	0.00000320760000
2258	0.00000073872000
2259	0.00000004924800
2260	0.00000109012500
2261	0.00000037867500
2262	0.00000008721000
2263	0.00000000581400
2264	0.00000138510000
2265	0.00000048114000
2266	0.00000000923400
2267	0.00000000061560
2268	0.00000016351875
2269	0.00000005680125
2270	0.00000000109013
2271	0.00000000007268
2272	0.00000000201096
2273	0.00000000069854
2274	0.00000012700800
2275	0.00000000846720
2276	0.00000000335160
2277	0.00000000116424
2278	0.00000021168000
2279	0.00000001411200
2280	0.00000002513700
2281	0.00000000873180
2282	0.00000004762800
2283	0.00000000317520
2284	0.00000004189500
2285	0.00000001455300
2286	0.00000007938000
2287	0.00000000529200
2288	0.00000307800000
2289	0.00000106920000
2290	0.00000032832000
2291	0.00000002188800
2292	0.00000036337500
2293	0.00000012622500
2294	0.00000003876000
2295	0.00000000258400
2296	0.00000087210000
2297	0.00000030294000
2298	0.00000010157400
2299	0.00000000677160
2300	0.00000010295625
2301	0.00000003576375
2302	0.00000001199138
2303	0.00000000079942
2304	0.00066725342006
2305	0.00023178276697
2306	0.00063852001920
2307	0.00004256800128
2308	0.00005295662064
2309	0.00001839545770
2310	0.00005067619200
2311	0.00000337841280
2312	0.00008424916920
2313	0.00002926550088
2314	0.00010642000320
2315	0.00000709466688
2316	0.00000668644200
2317	0.00000232265880
2318	0.00000844603200
2319	0.00000056306880
2320	0.00001754460000
2321	0.00000609444000
2322	0.00000140356800
2323	0.00000009357120
2324	0.00000146205000
2325	0.00000050787000
2326	0.00000011696400
2327	0.00000000779760
2328	0.00000263169000
2329	0.00000091416600
2330	0.00000001754460
2331	0.00000000116964
2332	0.00000021930750
2333	0.00000007618050
2334	0.00000000146205
2335	0.00000000009747
2336	0.00002246644512
2337	0.00000780413357
2338	0.00141893337600
2339	0.00009459555840
2340	0.00000178305120
2341	0.00000061937568
2342	0.00011261376000
2343	0.00000750758400
2344	0.00028083056400
2345	0.00009755166960
2346	0.00053210001600
2347	0.00003547333440
2348	0.00002228814000
2349	0.00000774219600
2350	0.00004223016000
2351	0.00000281534400
2352	0.00017544600000
2353	0.00006094440000
2354	0.00001871424000
2355	0.00000124761600
2356	0.00001462050000
2357	0.00000507870000
2358	0.00000155952000
2359	0.00000010396800
2360	0.00004970970000
2361	0.00001726758000
2362	0.00000578971800
2363	0.00000038598120
2364	0.00000414247500
2365	0.00000143896500
2366	0.00000048247650
2367	0.00000003216510
2368	0.00000079634016
2369	0.00000027662342
2370	0.00000076204800
2371	0.00000005080320
2372	0.00000132723360
2373	0.00000046103904
2374	0.00000127008000
2375	0.00000008467200
2376	0.00000010054800
2377	0.00000003492720
2378	0.00000012700800
2379	0.00000000846720
2380	0.00000016758000
2381	0.00000005821200
2382	0.00000021168000
2383	0.00000001411200
2384	0.00000410400000
2385	0.00000142560000
2386	0.00000032832000
2387	0.00000002188800
2388	0.00000048450000
2389	0.00000016830000
2390	0.00000003876000
2391	0.00000000258400
2392	0.00000061560000
2393	0.00000021384000
2394	0.00000000410400
2395	0.00000000027360
2396	0.00000007267500
2397	0.00000002524500
2398	0.00000000048450
2399	0.00000000003230
2400	0.00000002413152
2401	0.00000000838253
2402	0.00000152409600
2403	0.00000010160640
2404	0.00000004021920
2405	0.00000001397088
2406	0.00000254016000
2407	0.00000016934400
2408	0.00000030164400
2409	0.00000010478160
2410	0.00000057153600
2411	0.00000003810240
2412	0.00000050274000
2413	0.00000017463600
2414	0.00000095256000
2415	0.00000006350400
2416	0.00003693600000
2417	0.00001283040000
2418	0.00000393984000
2419	0.00000026265600
2420	0.00000436050000
2421	0.00000151470000
2422	0.00000046512000
2423	0.00000003100800
2424	0.00001046520000
2425	0.00000363528000
2426	0.00000121888800
2427	0.00000008125920
2428	0.00000123547500
2429	0.00000042916500
2430	0.00000014389650
2431	0.00000000959310
2432	0.00016681335502
2433	0.00005794569174
2434	0.00015963000480
2435	0.00001064200032
2436	0.00001323915516
2437	0.00000459886442
2438	0.00001266904800
2439	0.00000084460320
2440	0.00002106229230
2441	0.00000731637522
2442	0.00002660500080
2443	0.00000177366672
2444	0.00000167161050
2445	0.00000058066470
2446	0.00000211150800
2447	0.00000014076720
2448	0.00000438615000
2449	0.00000152361000
2450	0.00000035089200
2451	0.00000002339280
2452	0.00000036551250
2453	0.00000012696750
2454	0.00000002924100
2455	0.00000000194940
2456	0.00000065792250
2457	0.00000022854150
2458	0.00000000438615
2459	0.00000000029241
2460	0.00000005482688
2461	0.00000001904513
2462	0.00000000036551
2463	0.00000000002437
2464	0.00000561661128
2465	0.00000195103339
2466	0.00035473334400
2467	0.00002364888960
2468	0.00000044576280
2469	0.00000015484392
2470	0.00002815344000
2471	0.00000187689600
2472	0.00007020764100
2473	0.00002438791740
2474	0.00013302500400
2475	0.00000886833360
2476	0.00000557203500
2477	0.00000193554900
2478	0.00001055754000
2479	0.00000070383600
2480	0.00004386150000
2481	0.00001523610000
2482	0.00000467856000
2483	0.00000031190400
2484	0.00000365512500
2485	0.00000126967500
2486	0.00000038988000
2487	0.00000002599200
2488	0.00001242742500
2489	0.00000431689500
2490	0.00000144742950
2491	0.00000009649530
2492	0.00000103561875
2493	0.00000035974125
2494	0.00000012061913
2495	0.00000000804128
2496	0.00000019908504
2497	0.00000006915586
2498	0.00000019051200
2499	0.00000001270080
2500	0.00000033180840
2501	0.00000011525976
2502	0.00000031752000
2503	0.00000002116800
2504	0.00000002513700
2505	0.00000000873180
2506	0.00000003175200
2507	0.00000000211680
2508	0.00000004189500
2509	0.00000001455300
2510	0.00000005292000
2511	0.00000000352800
2512	0.00000102600000
2513	0.00000035640000
2514	0.00000008208000
2515	0.00000000547200
2516	0.00000012112500
2517	0.00000004207500
2518	0.00000000969000
2519	0.00000000064600
2520	0.00000015390000
2521	0.00000005346000
2522	0.00000000102600
2523	0.00000000006840
2524	0.00000001816875
2525	0.00000000631125
2526	0.00000000012113
2527	0.00000000000808
2528	0.00000000603288
2529	0.00000000209563
2530	0.00000038102400
2531	0.00000002540160
2532	0.00000001005480
2533	0.00000000349272
2534	0.00000063504000
2535	0.00000004233600
2536	0.00000007541100
2537	0.00000002619540
2538	0.00000014288400
2539	0.00000000952560
2540	0.00000012568500
2541	0.00000004365900
2542	0.00000023814000
2543	0.00000001587600
2544	0.00000923400000
2545	0.00000320760000
2546	0.00000098496000
2547	0.00000006566400
2548	0.00000109012500
2549	0.00000037867500
2550	0.00000011628000
2551	0.00000000775200
2552	0.00000261630000
2553	0.00000090882000
2554	0.00000030472200
2555	0.00000002031480
2556	0.00000030886875
2557	0.00000010729125
2558	0.00000003597413
2559	0.00000000239827
2560	0.00066725342006
2561	0.00023178276697
2562	0.00063852001920
2563	0.00004256800128
2564	0.00005295662064
2565	0.00001839545770
2566	0.00005067619200
2567	0.00000337841280
2568	0.00008424916920
2569	0.00002926550088
2570	0.00010642000320
2571	0.00000709466688
2572	0.00000668644200
2573	0.00000232265880
2574	0.00000844603200
2575	0.00000056306880
2576	0.00001754460000
2577	0.00000609444000
2578	0.00000140356800
2579	0.00000009357120
2580	0.00000146205000
2581	0.00000050787000
2582	0.00000011696400
2583	0.00000000779760
2584	0.00000263169000
2585	0.00000091416600
2586	0.00000001754460
2587	0.00000000116964
2588	0.00000021930750
2589	0.00000007618050
2590	0.00000000146205
2591	0.00000000009747
2592	0.00001123322256
2593	0.00000390206678
2594	0.00070946668800
2595	0.00004729777920
2596	0.00000089152560
2597	0.00000030968784
2598	0.00005630688000
2599	0.00000375379200
2600	0.00014041528200
2601	0.00004877583480
2602	0.00026605000800
2603	0.00001773666720
2604	0.00001114407000
2605	0.00000387109800
2606	0.00002111508000
2607	0.00000140767200
2608	0.00008772300000
2609	0.00003047220000
2610	0.00000935712000
2611	0.00000062380800
2612	0.00000731025000
2613	0.00000253935000
2614	0.00000077976000
2615	0.00000005198400
2616	0.00002485485000
2617	0.00000863379000
2618	0.00000289485900
2619	0.00000019299060
2620	0.00000207123750
2621	0.00000071948250
2622	0.00000024123825
2623	0.00000001608255
2624	0.00002150118432
2625	0.00000746883245
2626	0.00002057529600
2627	0.00000137168640
2628	0.00003583530720
2629	0.00001244805408
2630	0.00003429216000
2631	0.00000228614400
2632	0.00000271479600
2633	0.00000094303440
2634	0.00000342921600
2635	0.00000022861440
2636	0.00000452466000
2637	0.00000157172400
2638	0.00000571536000
2639	0.00000038102400
2640	0.00011080800000
2641	0.00003849120000
2642	0.00000886464000
2643	0.00000059097600
2644	0.00001308150000
2645	0.00000454410000
2646	0.00000104652000
2647	0.00000006976800
2648	0.00001662120000
2649	0.00000577368000
2650	0.00000011080800
2651	0.00000000738720
2652	0.00000196222500
2653	0.00000068161500
2654	0.00000001308150
2655	0.00000000087210
2656	0.00000007239456
2657	0.00000002514758
2658	0.00000457228800
2659	0.00000030481920
2660	0.00000012065760
2661	0.00000004191264
2662	0.00000762048000
2663	0.00000050803200
2664	0.00000090493200
2665	0.00000031434480
2666	0.00000171460800
2667	0.00000011430720
2668	0.00000150822000
2669	0.00000052390800
2670	0.00000285768000
2671	0.00000019051200
2672	0.00011080800000
2673	0.00003849120000
2674	0.00001181952000
2675	0.00000078796800
2676	0.00001308150000
2677	0.00000454410000
2678	0.00000139536000
2679	0.00000009302400
2680	0.00003139560000
2681	0.00001090584000
2682	0.00000365666400
2683	0.00000024377760
2684	0.00000370642500
2685	0.00000128749500
2686	0.00000043168950
2687	0.00000002877930
2688	0.00016681335502
2689	0.00005794569174
2690	0.00015963000480
2691	0.00001064200032
2692	0.00001323915516
2693	0.00000459886442
2694	0.00001266904800
2695	0.00000084460320
2696	0.00002106229230
2697	0.00000731637522
2698	0.00002660500080
2699	0.00000177366672
2700	0.00000167161050
2701	0.00000058066470
2702	0.00000211150800
2703	0.00000014076720
2704	0.00000438615000
2705	0.00000152361000
2706	0.00000035089200
2707	0.00000002339280
2708	0.00000036551250
2709	0.00000012696750
2710	0.00000002924100
2711	0.00000000194940
2712	0.00000065792250
2713	0.00000022854150
2714	0.00000000438615
2715	0.00000000029241
2716	0.00000005482688
2717	0.00000001904513
2718	0.00000000036551
2719	0.00000000002437
2720	0.00000280830564
2721	0.00000097551670
2722	0.00017736667200
2723	0.00001182444480
2724	0.00000022288140
2725	0.00000007742196
2726	0.00001407672000
2727	0.00000093844800
2728	0.00003510382050
2729	0.00001219395870
2730	0.00006651250200
2731	0.00000443416680
2732	0.00000278601750
2733	0.00000096777450
2734	0.00000527877000
2735	0.00000035191800
2736	0.00002193075000
2737	0.00000761805000
2738	0.00000233928000
2739	0.00000015595200
2740	0.00000182756250
2741	0.00000063483750
2742	0.00000019494000
2743	0.00000001299600
2744	0.00000621371250
2745	0.00000215844750
2746	0.00000072371475
2747	0.00000004824765
2748	0.00000051780938
2749	0.00000017987063
2750	0.00000006030956
2751	0.00000000402064
2752	0.00000537529608
2753	0.00000186720811
2754	0.00000514382400
2755	0.00000034292160
2756	0.00000895882680
2757	0.00000311201352
2758	0.00000857304000
2759	0.00000057153600
2760	0.00000067869900
2761	0.00000023575860
2762	0.00000085730400
2763	0.00000005715360
2764	0.00000113116500
2765	0.00000039293100
2766	0.00000142884000
2767	0.00000009525600
2768	0.00002770200000
2769	0.00000962280000
2770	0.00000221616000
2771	0.00000014774400
2772	0.00000327037500
2773	0.00000113602500
2774	0.00000026163000
2775	0.00000001744200
2776	0.00000415530000
2777	0.00000144342000
2778	0.00000002770200
2779	0.00000000184680
2780	0.00000049055625
2781	0.00000017040375
2782	0.00000000327038
2783	0.00000000021803
2784	0.00000001809864
2785	0.00000000628690
2786	0.00000114307200
2787	0.00000007620480
2788	0.00000003016440
2789	0.00000001047816
2790	0.00000190512000
2791	0.00000012700800
2792	0.00000022623300
2793	0.00000007858620
2794	0.00000042865200
2795	0.00000002857680
2796	0.00000037705500
2797	0.00000013097700
2798	0.00000071442000
2799	0.00000004762800
2800	0.00002770200000
2801	0.00000962280000
2802	0.00000295488000
2803	0.00000019699200
2804	0.00000327037500
2805	0.00000113602500
2806	0.00000034884000
2807	0.00000002325600
2808	0.00000784890000
2809	0.00000272646000
2810	0.00000091416600
2811	0.00000006094440
2812	0.00000092660625
2813	0.00000032187375
2814	0.00000010792238
2815	0.00000000719483
2816	0.00007413926890
2817	0.00002575364077
2818	0.00007094666880
2819	0.00000472977792
2820	0.00000588406896
2821	0.00000204393974
2822	0.00000563068800
2823	0.00000037537920
2824	0.00000936101880
2825	0.00000325172232
2826	0.00001182444480
2827	0.00000078829632
2828	0.00000074293800
2829	0.00000025807320
2830	0.00000093844800
2831	0.00000006256320
2832	0.00000194940000
2833	0.00000067716000
2834	0.00000015595200
2835	0.00000001039680
2836	0.00000016245000
2837	0.00000005643000
2838	0.00000001299600
2839	0.00000000086640
2840	0.00000029241000
2841	0.00000010157400
2842	0.00000000194940
2843	0.00000000012996
2844	0.00000002436750
2845	0.00000000846450
2846	0.00000000016245
2847	0.00000000001083
2848	0.00003369966768
2849	0.00001170620035
2850	0.00212840006400
2851	0.00014189333760
2852	0.00000267457680
2853	0.00000092906352
2854	0.00016892064000
2855	0.00001126137600
2856	0.00042124584600
2857	0.00014632750440
2858	0.00079815002400
2859	0.00005321000160
2860	0.00003343221000
2861	0.00001161329400
2862	0.00006334524000
2863	0.00000422301600
2864	0.00026316900000
2865	0.00009141660000
2866	0.00002807136000
2867	0.00000187142400
2868	0.00002193075000
2869	0.00000761805000
2870	0.00000233928000
2871	0.00000015595200
2872	0.00007456455000
2873	0.00002590137000
2874	0.00000868457700
2875	0.00000057897180
2876	0.00000621371250
2877	0.00000215844750
2878	0.00000072371475
2879	0.00000004824765
2880	0.00000238902048
2881	0.00000082987027
2882	0.00000228614400
2883	0.00000015240960
2884	0.00000398170080
2885	0.00000138311712
2886	0.00000381024000
2887	0.00000025401600
2888	0.00000030164400
2889	0.00000010478160
2890	0.00000038102400
2891	0.00000002540160
2892	0.00000050274000
2893	0.00000017463600
2894	0.00000063504000
2895	0.00000004233600
2896	0.00001231200000
2897	0.00000427680000
2898	0.00000098496000
2899	0.00000006566400
2900	0.00000145350000
2901	0.00000050490000
2902	0.00000011628000
2903	0.00000000775200
2904	0.00000184680000
2905	0.00000064152000
2906	0.00000001231200
2907	0.00000000082080
2908	0.00000021802500
2909	0.00000007573500
2910	0.00000000145350
2911	0.00000000009690
2912	0.00000021718368
2913	0.00000007544275
2914	0.00001371686400
2915	0.00000091445760
2916	0.00000036197280
2917	0.00000012573792
2918	0.00002286144000
2919	0.00000152409600
2920	0.00000271479600
2921	0.00000094303440
2922	0.00000514382400
2923	0.00000034292160
2924	0.00000452466000
2925	0.00000157172400
2926	0.00000857304000
2927	0.00000057153600
2928	0.00033242400000
2929	0.00011547360000
2930	0.00003545856000
2931	0.00000236390400
2932	0.00003924450000
2933	0.00001363230000
2934	0.00000418608000
2935	0.00000027907200
2936	0.00009418680000
2937	0.00003271752000
2938	0.00001096999200
2939	0.00000073133280
2940	0.00001111927500
2941	0.00000386248500
2942	0.00000129506850
2943	0.00000008633790
2944	0.00001853481722
2945	0.00000643841019
2946	0.00001773666720
2947	0.00000118244448
2948	0.00000147101724
2949	0.00000051098494
2950	0.00000140767200
2951	0.00000009384480
2952	0.00000234025470
2953	0.00000081293058
2954	0.00000295611120
2955	0.00000019707408
2956	0.00000018573450
2957	0.00000006451830
2958	0.00000023461200
2959	0.00000001564080
2960	0.00000048735000
2961	0.00000016929000
2962	0.00000003898800
2963	0.00000000259920
2964	0.00000004061250
2965	0.00000001410750
2966	0.00000000324900
2967	0.00000000021660
2968	0.00000007310250
2969	0.00000002539350
2970	0.00000000048735
2971	0.00000000003249
2972	0.00000000609188
2973	0.00000000211613
2974	0.00000000004061
2975	0.00000000000271
2976	0.00000842491692
2977	0.00000292655009
2978	0.00053210001600
2979	0.00003547333440
2980	0.00000066864420
2981	0.00000023226588
2982	0.00004223016000
2983	0.00000281534400
2984	0.00010531146150
2985	0.00003658187610
2986	0.00019953750600
2987	0.00001330250040
2988	0.00000835805250
2989	0.00000290332350
2990	0.00001583631000
2991	0.00000105575400
2992	0.00006579225000
2993	0.00002285415000
2994	0.00000701784000
2995	0.00000046785600
2996	0.00000548268750
2997	0.00000190451250
2998	0.00000058482000
2999	0.00000003898800
3000	0.00001864113750
3001	0.00000647534250
3002	0.00000217114425
3003	0.00000014474295
3004	0.00000155342813
3005	0.00000053961188
3006	0.00000018092869
3007	0.00000001206191
3008	0.00000059725512
3009	0.00000020746757
3010	0.00000057153600
3011	0.00000003810240
3012	0.00000099542520
3013	0.00000034577928
3014	0.00000095256000
3015	0.00000006350400
3016	0.00000007541100
3017	0.00000002619540
3018	0.00000009525600
3019	0.00000000635040
3020	0.00000012568500
3021	0.00000004365900
3022	0.00000015876000
3023	0.00000001058400
3024	0.00000307800000
3025	0.00000106920000
3026	0.00000024624000
3027	0.00000001641600
3028	0.00000036337500
3029	0.00000012622500
3030	0.00000002907000
3031	0.00000000193800
3032	0.00000046170000
3033	0.00000016038000
3034	0.00000000307800
3035	0.00000000020520
3036	0.00000005450625
3037	0.00000001893375
3038	0.00000000036338
3039	0.00000000002423
3040	0.00000005429592
3041	0.00000001886069
3042	0.00000342921600
3043	0.00000022861440
3044	0.00000009049320
3045	0.00000003143448
3046	0.00000571536000
3047	0.00000038102400
3048	0.00000067869900
3049	0.00000023575860
3050	0.00000128595600
3051	0.00000008573040
3052	0.00000113116500
3053	0.00000039293100
3054	0.00000214326000
3055	0.00000014288400
3056	0.00008310600000
3057	0.00002886840000
3058	0.00000886464000
3059	0.00000059097600
3060	0.00000981112500
3061	0.00000340807500
3062	0.00000104652000
3063	0.00000006976800
3064	0.00002354670000
3065	0.00000817938000
3066	0.00000274249800
3067	0.00000018283320
3068	0.00000277981875
3069	0.00000096562125
3070	0.00000032376713
3071	0.00000002158447
3072	0.00031606740950
3073	0.00010979183699
3074	0.00030245685120
3075	0.00002016379008
3076	0.00002508471504
3077	0.00000871363786
3078	0.00002400451200
3079	0.00000160030080
3080	0.00003990750120
3081	0.00001386260568
3082	0.00005040947520
3083	0.00000336063168
3084	0.00000316726200
3085	0.00000110020680
3086	0.00000400075200
3087	0.00000026671680
3088	0.00000831060000
3089	0.00000288684000
3090	0.00000066484800
3091	0.00000004432320
3092	0.00000069255000
3093	0.00000024057000
3094	0.00000005540400
3095	0.00000000369360
3096	0.00000124659000
3097	0.00000043302600
3098	0.00000000831060
3099	0.00000000055404
3100	0.00000010388250
3101	0.00000003608550
3102	0.00000000069255
3103	0.00000000004617
3104	0.00000039414816
3105	0.00000013691462
3106	0.00002489356800
3107	0.00000165957120
3108	0.00000003128160
3109	0.00000001086624
3110	0.00000197568000
3111	0.00000013171200
3112	0.00000492685200
3113	0.00000171143280
3114	0.00000933508800
3115	0.00000062233920
3116	0.00000039102000
3117	0.00000013582800
3118	0.00000074088000
3119	0.00000004939200
3120	0.00000307800000
3121	0.00000106920000
3122	0.00000032832000
3123	0.00000002188800
3124	0.00000025650000
3125	0.00000008910000
3126	0.00000002736000
3127	0.00000000182400
3128	0.00000087210000
3129	0.00000030294000
3130	0.00000010157400
3131	0.00000000677160
3132	0.00000007267500
3133	0.00000002524500
3134	0.00000000846450
3135	0.00000000056430
3136	0.00002866824576
3137	0.00000995844326
3138	0.00002743372800
3139	0.00000182891520
3140	0.00004778040960
3141	0.00001659740544
3142	0.00004572288000
3143	0.00000304819200
3144	0.00000361972800
3145	0.00000125737920
3146	0.00000457228800
3147	0.00000030481920
3148	0.00000603288000
3149	0.00000209563200
3150	0.00000762048000
3151	0.00000050803200
3152	0.00014774400000
3153	0.00005132160000
3154	0.00001181952000
3155	0.00000078796800
3156	0.00001744200000
3157	0.00000605880000
3158	0.00000139536000
3159	0.00000009302400
3160	0.00002216160000
3161	0.00000769824000
3162	0.00000014774400
3163	0.00000000984960
3164	0.00000261630000
3165	0.00000090882000
3166	0.00000001744200
3167	0.00000000116280
3168	0.00000003217536
3169	0.00000001117670
3170	0.00000203212800
3171	0.00000013547520
3172	0.00000005362560
3173	0.00000001862784
3174	0.00000338688000
3175	0.00000022579200
3176	0.00000040219200
3177	0.00000013970880
3178	0.00000076204800
3179	0.00000005080320
3180	0.00000067032000
3181	0.00000023284800
3182	0.00000127008000
3183	0.00000008467200
3184	0.00004924800000
3185	0.00001710720000
3186	0.00000525312000
3187	0.00000035020800
3188	0.00000581400000
3189	0.00000201960000
3190	0.00000062016000
3191	0.00000004134400
3192	0.00001395360000
3193	0.00000484704000
3194	0.00000162518400
3195	0.00000010834560
3196	0.00000164730000
3197	0.00000057222000
3198	0.00000019186200
3199	0.00000001279080
3200	0.00007901685238
3201	0.00002744795925
3202	0.00007561421280
3203	0.00000504094752
3204	0.00000627117876
3205	0.00000217840946
3206	0.00000600112800
3207	0.00000040007520
3208	0.00000997687530
3209	0.00000346565142
3210	0.00001260236880
3211	0.00000084015792
3212	0.00000079181550
3213	0.00000027505170
3214	0.00000100018800
3215	0.00000006667920
3216	0.00000207765000
3217	0.00000072171000
3218	0.00000016621200
3219	0.00000001108080
3220	0.00000017313750
3221	0.00000006014250
3222	0.00000001385100
3223	0.00000000092340
3224	0.00000031164750
3225	0.00000010825650
3226	0.00000000207765
3227	0.00000000013851
3228	0.00000002597063
3229	0.00000000902138
3230	0.00000000017314
3231	0.00000000001154
3232	0.00000009853704
3233	0.00000003422866
3234	0.00000622339200
3235	0.00000041489280
3236	0.00000000782040
3237	0.00000000271656
3238	0.00000049392000
3239	0.00000003292800
3240	0.00000123171300
3241	0.00000042785820
3242	0.00000233377200
3243	0.00000015558480
3244	0.00000009775500
3245	0.00000003395700
3246	0.00000018522000
3247	0.00000001234800
3248	0.00000076950000
3249	0.00000026730000
3250	0.00000008208000
3251	0.00000000547200
3252	0.00000006412500
3253	0.00000002227500
3254	0.00000000684000
3255	0.00000000045600
3256	0.00000021802500
3257	0.00000007573500
3258	0.00000002539350
3259	0.00000000169290
3260	0.00000001816875
3261	0.00000000631125
3262	0.00000000211613
3263	0.00000000014108
3264	0.00000716706144
3265	0.00000248961082
3266	0.00000685843200
3267	0.00000045722880
3268	0.00001194510240
3269	0.00000414935136
3270	0.00001143072000
3271	0.00000076204800
3272	0.00000090493200
3273	0.00000031434480
3274	0.00000114307200
3275	0.00000007620480
3276	0.00000150822000
3277	0.00000052390800
3278	0.00000190512000
3279	0.00000012700800
3280	0.00003693600000
3281	0.00001283040000
3282	0.00000295488000
3283	0.00000019699200
3284	0.00000436050000
3285	0.00000151470000
3286	0.00000034884000
3287	0.00000002325600
3288	0.00000554040000
3289	0.00000192456000
3290	0.00000003693600
3291	0.00000000246240
3292	0.00000065407500
3293	0.00000022720500
3294	0.00000000436050
3295	0.00000000029070
3296	0.00000000804384
3297	0.00000000279418
3298	0.00000050803200
3299	0.00000003386880
3300	0.00000001340640
3301	0.00000000465696
3302	0.00000084672000
3303	0.00000005644800
3304	0.00000010054800
3305	0.00000003492720
3306	0.00000019051200
3307	0.00000001270080
3308	0.00000016758000
3309	0.00000005821200
3310	0.00000031752000
3311	0.00000002116800
3312	0.00001231200000
3313	0.00000427680000
3314	0.00000131328000
3315	0.00000008755200
3316	0.00000145350000
3317	0.00000050490000
3318	0.00000015504000
3319	0.00000001033600
3320	0.00000348840000
3321	0.00000121176000
3322	0.00000040629600
3323	0.00000002708640
3324	0.00000041182500
3325	0.00000014305500
3326	0.00000004796550
3327	0.00000000319770
3328	0.00003511860106
3329	0.00001219909300
3330	0.00003360631680
3331	0.00000224042112
3332	0.00000278719056
3333	0.00000096818198
3334	0.00000266716800
3335	0.00000017781120
3336	0.00000443416680
3337	0.00000154028952
3338	0.00000560105280
3339	0.00000037340352
3340	0.00000035191800
3341	0.00000012224520
3342	0.00000044452800
3343	0.00000002963520
3344	0.00000092340000
3345	0.00000032076000
3346	0.00000007387200
3347	0.00000000492480
3348	0.00000007695000
3349	0.00000002673000
3350	0.00000000615600
3351	0.00000000041040
3352	0.00000013851000
3353	0.00000004811400
3354	0.00000000092340
3355	0.00000000006156
3356	0.00000001154250
3357	0.00000000400950
3358	0.00000000007695
3359	0.00000000000513
3360	0.00000118244448
3361	0.00000041074387
3362	0.00007468070400
3363	0.00000497871360
3364	0.00000009384480
3365	0.00000003259872
3366	0.00000592704000
3367	0.00000039513600
3368	0.00001478055600
3369	0.00000513429840
3370	0.00002800526400
3371	0.00000186701760
3372	0.00000117306000
3373	0.00000040748400
3374	0.00000222264000
3375	0.00000014817600
3376	0.00000923400000
3377	0.00000320760000
3378	0.00000098496000
3379	0.00000006566400
3380	0.00000076950000
3381	0.00000026730000
3382	0.00000008208000
3383	0.00000000547200
3384	0.00000261630000
3385	0.00000090882000
3386	0.00000030472200
3387	0.00000002031480
3388	0.00000021802500
3389	0.00000007573500
3390	0.00000002539350
3391	0.00000000169290
3392	0.00000318536064
3393	0.00000110649370
3394	0.00000304819200
3395	0.00000020321280
3396	0.00000530893440
3397	0.00000184415616
3398	0.00000508032000
3399	0.00000033868800
3400	0.00000040219200
3401	0.00000013970880
3402	0.00000050803200
3403	0.00000003386880
3404	0.00000067032000
3405	0.00000023284800
3406	0.00000084672000
3407	0.00000005644800
3408	0.00001641600000
3409	0.00000570240000
3410	0.00000131328000
3411	0.00000008755200
3412	0.00000193800000
3413	0.00000067320000
3414	0.00000015504000
3415	0.00000001033600
3416	0.00000246240000
3417	0.00000085536000
3418	0.00000001641600
3419	0.00000000109440
3420	0.00000029070000
3421	0.00000010098000
3422	0.00000000193800
3423	0.00000000012920
3424	0.00000009652608
3425	0.00000003353011
3426	0.00000609638400
3427	0.00000040642560
3428	0.00000016087680
3429	0.00000005588352
3430	0.00001016064000
3431	0.00000067737600
3432	0.00000120657600
3433	0.00000041912640
3434	0.00000228614400
3435	0.00000015240960
3436	0.00000201096000
3437	0.00000069854400
3438	0.00000381024000
3439	0.00000025401600
3440	0.00014774400000
3441	0.00005132160000
3442	0.00001575936000
3443	0.00000105062400
3444	0.00001744200000
3445	0.00000605880000
3446	0.00000186048000
3447	0.00000012403200
3448	0.00004186080000
3449	0.00001454112000
3450	0.00000487555200
3451	0.00000032503680
3452	0.00000494190000
3453	0.00000171666000
3454	0.00000057558600
3455	0.00000003837240
3456	0.00000877965026
3457	0.00000304977325
3458	0.00000840157920
3459	0.00000056010528
3460	0.00000069679764
3461	0.00000024204550
3462	0.00000066679200
3463	0.00000004445280
3464	0.00000110854170
3465	0.00000038507238
3466	0.00000140026320
3467	0.00000009335088
3468	0.00000008797950
3469	0.00000003056130
3470	0.00000011113200
3471	0.00000000740880
3472	0.00000023085000
3473	0.00000008019000
3474	0.00000001846800
3475	0.00000000123120
3476	0.00000001923750
3477	0.00000000668250
3478	0.00000000153900
3479	0.00000000010260
3480	0.00000003462750
3481	0.00000001202850
3482	0.00000000023085
3483	0.00000000001539
3484	0.00000000288563
3485	0.00000000100238
3486	0.00000000001924
3487	0.00000000000128
3488	0.00000029561112
3489	0.00000010268597
3490	0.00001867017600
3491	0.00000124467840
3492	0.00000002346120
3493	0.00000000814968
3494	0.00000148176000
3495	0.00000009878400
3496	0.00000369513900
3497	0.00000128357460
3498	0.00000700131600
3499	0.00000046675440
3500	0.00000029326500
3501	0.00000010187100
3502	0.00000055566000
3503	0.00000003704400
3504	0.00000230850000
3505	0.00000080190000
3506	0.00000024624000
3507	0.00000001641600
3508	0.00000019237500
3509	0.00000006682500
3510	0.00000002052000
3511	0.00000000136800
3512	0.00000065407500
3513	0.00000022720500
3514	0.00000007618050
3515	0.00000000507870
3516	0.00000005450625
3517	0.00000001893375
3518	0.00000000634838
3519	0.00000000042323
3520	0.00000079634016
3521	0.00000027662342
3522	0.00000076204800
3523	0.00000005080320
3524	0.00000132723360
3525	0.00000046103904
3526	0.00000127008000
3527	0.00000008467200
3528	0.00000010054800
3529	0.00000003492720
3530	0.00000012700800
3531	0.00000000846720
3532	0.00000016758000
3533	0.00000005821200
3534	0.00000021168000
3535	0.00000001411200
3536	0.00000410400000
3537	0.00000142560000
3538	0.00000032832000
3539	0.00000002188800
3540	0.00000048450000
3541	0.00000016830000
3542	0.00000003876000
3543	0.00000000258400
3544	0.00000061560000
3545	0.00000021384000
3546	0.00000000410400
3547	0.00000000027360
3548	0.00000007267500
3549	0.00000002524500
3550	0.00000000048450
3551	0.00000000003230
3552	0.00000002413152
3553	0.00000000838253
3554	0.00000152409600
3555	0.00000010160640
3556	0.00000004021920
3557	0.00000001397088
3558	0.00000254016000
3559	0.00000016934400
3560	0.00000030164400
3561	0.00000010478160
3562	0.00000057153600
3563	0.00000003810240
3564	0.00000050274000
3565	0.00000017463600
3566	0.00000095256000
3567	0.00000006350400
3568	0.00003693600000
3569	0.00001283040000
3570	0.00000393984000
3571	0.00000026265600
3572	0.00000436050000
3573	0.00000151470000
3574	0.00000046512000
3575	0.00000003100800
3576	0.00001046520000
3577	0.00000363528000
3578	0.00000121888800
3579	0.00000008125920
3580	0.00000123547500
3581	0.00000042916500
3582	0.00000014389650
3583	0.00000000959310
3584	0.00003511860106
3585	0.00001219909300
3586	0.00003360631680
3587	0.00000224042112
3588	0.00000278719056
3589	0.00000096818198
3590	0.00000266716800
3591	0.00000017781120
3592	0.00000443416680
3593	0.00000154028952
3594	0.00000560105280
3595	0.00000037340352
3596	0.00000035191800
3597	0.00000012224520
3598	0.00000044452800
3599	0.00000002963520
3600	0.00000092340000
3601	0.00000032076000
3602	0.00000007387200
3603	0.00000000492480
3604	0.00000007695000
3605	0.00000002673000
3606	0.00000000615600
3607	0.00000000041040
3608	0.00000013851000
3609	0.00000004811400
3610	0.00000000092340
3611	0.00000000006156
3612	0.00000001154250
3613	0.00000000400950
3614	0.00000000007695
3615	0.00000000000513
3616	0.00000059122224
3617	0.00000020537194
3618	0.00003734035200
3619	0.00000248935680
3620	0.00000004692240
3621	0.00000001629936
3622	0.00000296352000
3623	0.00000019756800
3624	0.00000739027800
3625	0.00000256714920
3626	0.00001400263200
3627	0.00000093350880
3628	0.00000058653000
3629	0.00000020374200
3630	0.00000111132000
3631	0.00000007408800
3632	0.00000461700000
3633	0.00000160380000
3634	0.00000049248000
3635	0.00000003283200
3636	0.00000038475000
3637	0.00000013365000
3638	0.00000004104000
3639	0.00000000273600
3640	0.00000130815000
3641	0.00000045441000
3642	0.00000015236100
3643	0.00000001015740
3644	0.00000010901250
3645	0.00000003786750
3646	0.00000001269675
3647	0.00000000084645
3648	0.00008600473728
3649	0.00002987532979
3650	0.00008230118400
3651	0.00000548674560
3652	0.00014334122880
3653	0.00004979221632
3654	0.00013716864000
3655	0.00000914457600
3656	0.00001085918400
3657	0.00000377213760
3658	0.00001371686400
3659	0.00000091445760
3660	0.00001809864000
3661	0.00000628689600
3662	0.00002286144000
3663	0.00000152409600
3664	0.00044323200000
3665	0.00015396480000
3666	0.00003545856000
3667	0.00000236390400
3668	0.00005232600000
3669	0.00001817640000
3670	0.00000418608000
3671	0.00000027907200
3672	0.00006648480000
3673	0.00002309472000
3674	0.00000044323200
3675	0.00000002954880
3676	0.00000784890000
3677	0.00000272646000
3678	0.00000005232600
3679	0.00000000348840
3680	0.00000028957824
3681	0.00000010059034
3682	0.00001828915200
3683	0.00000121927680
3684	0.00000048263040
3685	0.00000016765056
3686	0.00003048192000
3687	0.00000203212800
3688	0.00000361972800
3689	0.00000125737920
3690	0.00000685843200
3691	0.00000045722880
3692	0.00000603288000
3693	0.00000209563200
3694	0.00001143072000
3695	0.00000076204800
3696	0.00044323200000
3697	0.00015396480000
3698	0.00004727808000
3699	0.00000315187200
3700	0.00005232600000
3701	0.00001817640000
3702	0.00000558144000
3703	0.00000037209600
3704	0.00012558240000
3705	0.00004362336000
3706	0.00001462665600
3707	0.00000097511040
3708	0.00001482570000
3709	0.00000514998000
3710	0.00000172675800
3711	0.00000011511720
3712	0.00000877965026
3713	0.00000304977325
3714	0.00000840157920
3715	0.00000056010528
3716	0.00000069679764
3717	0.00000024204550
3718	0.00000066679200
3719	0.00000004445280
3720	0.00000110854170
3721	0.00000038507238
3722	0.00000140026320
3723	0.00000009335088
3724	0.00000008797950
3725	0.00000003056130
3726	0.00000011113200
3727	0.00000000740880
3728	0.00000023085000
3729	0.00000008019000
3730	0.00000001846800
3731	0.00000000123120
3732	0.00000001923750
3733	0.00000000668250
3734	0.00000000153900
3735	0.00000000010260
3736	0.00000003462750
3737	0.00000001202850
3738	0.00000000023085
3739	0.00000000001539
3740	0.00000000288563
3741	0.00000000100238
3742	0.00000000001924
3743	0.00000000000128
3744	0.00000014780556
3745	0.00000005134298
3746	0.00000933508800
3747	0.00000062233920
3748	0.00000001173060
3749	0.00000000407484
3750	0.00000074088000
3751	0.00000004939200
3752	0.00000184756950
3753	0.00000064178730
3754	0.00000350065800
3755	0.00000023337720
3756	0.00000014663250
3757	0.00000005093550
3758	0.00000027783000
3759	0.00000001852200
3760	0.00000115425000
3761	0.00000040095000
3762	0.00000012312000
3763	0.00000000820800
3764	0.00000009618750
3765	0.00000003341250
3766	0.00000001026000
3767	0.00000000068400
3768	0.00000032703750
3769	0.00000011360250
3770	0.00000003809025
3771	0.00000000253935
3772	0.00000002725313
3773	0.00000000946688
3774	0.00000000317419
3775	0.00000000021161
3776	0.00002150118432
3777	0.00000746883245
3778	0.00002057529600
3779	0.00000137168640
3780	0.00003583530720
3781	0.00001244805408
3782	0.00003429216000
3783	0.00000228614400
3784	0.00000271479600
3785	0.00000094303440
3786	0.00000342921600
3787	0.00000022861440
3788	0.00000452466000
3789	0.00000157172400
3790	0.00000571536000
3791	0.00000038102400
3792	0.00011080800000
3793	0.00003849120000
3794	0.00000886464000
3795	0.00000059097600
3796	0.00001308150000
3797	0.00000454410000
3798	0.00000104652000
3799	0.00000006976800
3800	0.00001662120000
3801	0.00000577368000
3802	0.00000011080800
3803	0.00000000738720
3804	0.00000196222500
3805	0.00000068161500
3806	0.00000001308150
3807	0.00000000087210
3808	0.00000007239456
3809	0.00000002514758
3810	0.00000457228800
3811	0.00000030481920
3812	0.00000012065760
3813	0.00000004191264
3814	0.00000762048000
3815	0.00000050803200
3816	0.00000090493200
3817	0.00000031434480
3818	0.00000171460800
3819	0.00000011430720
3820	0.00000150822000
3821	0.00000052390800
3822	0.00000285768000
3823	0.00000019051200
3824	0.00011080800000
3825	0.00003849120000
3826	0.00001181952000
3827	0.00000078796800
3828	0.00001308150000
3829	0.00000454410000
3830	0.00000139536000
3831	0.00000009302400
3832	0.00003139560000
3833	0.00001090584000
3834	0.00000365666400
3835	0.00000024377760
3836	0.00000370642500
3837	0.00000128749500
3838	0.00000043168950
3839	0.00000002877930
3840	0.00000390206678
3841	0.00000135545478
3842	0.00000373403520
3843	0.00000024893568
3844	0.00000030968784
3845	0.00000010757578
3846	0.00000029635200
3847	0.00000001975680
3848	0.00000049268520
3849	0.00000017114328
3850	0.00000062233920
3851	0.00000004148928
3852	0.00000003910200
3853	0.00000001358280
3854	0.00000004939200
3855	0.00000000329280
3856	0.00000010260000
3857	0.00000003564000
3858	0.00000000820800
3859	0.00000000054720
3860	0.00000000855000
3861	0.00000000297000
3862	0.00000000068400
3863	0.00000000004560
3864	0.00000001539000
3865	0.00000000534600
3866	0.00000000010260
3867	0.00000000000684
3868	0.00000000128250
3869	0.00000000044550
3870	0.00000000000855
3871	0.00000000000057
3872	0.00000177366672
3873	0.00000061611581
3874	0.00011202105600
3875	0.00000746807040
3876	0.00000014076720
3877	0.00000004889808
3878	0.00000889056000
3879	0.00000059270400
3880	0.00002217083400
3881	0.00000770144760
3882	0.00004200789600
3883	0.00000280052640
3884	0.00000175959000
3885	0.00000061122600
3886	0.00000333396000
3887	0.00000022226400
3888	0.00001385100000
3889	0.00000481140000
3890	0.00000147744000
3891	0.00000009849600
3892	0.00000115425000
3893	0.00000040095000
3894	0.00000012312000
3895	0.00000000820800
3896	0.00000392445000
3897	0.00000136323000
3898	0.00000045708300
3899	0.00000003047220
3900	0.00000032703750
3901	0.00000011360250
3902	0.00000003809025
3903	0.00000000253935
3904	0.00000955608192
3905	0.00000331948109
3906	0.00000914457600
3907	0.00000060963840
3908	0.00001592680320
3909	0.00000553246848
3910	0.00001524096000
3911	0.00000101606400
3912	0.00000120657600
3913	0.00000041912640
3914	0.00000152409600
3915	0.00000010160640
3916	0.00000201096000
3917	0.00000069854400
3918	0.00000254016000
3919	0.00000016934400
3920	0.00004924800000
3921	0.00001710720000
3922	0.00000393984000
3923	0.00000026265600
3924	0.00000581400000
3925	0.00000201960000
3926	0.00000046512000
3927	0.00000003100800
3928	0.00000738720000
3929	0.00000256608000
3930	0.00000004924800
3931	0.00000000328320
3932	0.00000087210000
3933	0.00000030294000
3934	0.00000000581400
3935	0.00000000038760
3936	0.00000086873472
3937	0.00000030177101
3938	0.00005486745600
3939	0.00000365783040
3940	0.00000144789120
3941	0.00000050295168
3942	0.00009144576000
3943	0.00000609638400
3944	0.00001085918400
3945	0.00000377213760
3946	0.00002057529600
3947	0.00000137168640
3948	0.00001809864000
3949	0.00000628689600
3950	0.00003429216000
3951	0.00000228614400
3952	0.00132969600000
3953	0.00046189440000
3954	0.00014183424000
3955	0.00000945561600
3956	0.00015697800000
3957	0.00005452920000
3958	0.00001674432000
3959	0.00000111628800
3960	0.00037674720000
3961	0.00013087008000
3962	0.00004387996800
3963	0.00000292533120
3964	0.00004447710000
3965	0.00001544994000
3966	0.00000518027400
3967	0.00000034535160
3968	0.00000097551670
3969	0.00000033886369
3970	0.00000093350880
3971	0.00000006223392
3972	0.00000007742196
3973	0.00000002689394
3974	0.00000007408800
3975	0.00000000493920
3976	0.00000012317130
3977	0.00000004278582
3978	0.00000015558480
3979	0.00000001037232
3980	0.00000000977550
3981	0.00000000339570
3982	0.00000001234800
3983	0.00000000082320
3984	0.00000002565000
3985	0.00000000891000
3986	0.00000000205200
3987	0.00000000013680
3988	0.00000000213750
3989	0.00000000074250
3990	0.00000000017100
3991	0.00000000001140
3992	0.00000000384750
3993	0.00000000133650
3994	0.00000000002565
3995	0.00000000000171
3996	0.00000000032063
3997	0.00000000011138
3998	0.00000000000214
3999	0.00000000000014
4000	0.00000044341668
4001	0.00000015402895
4002	0.00002800526400
4003	0.00000186701760
4004	0.00000003519180
4005	0.00000001222452
4006	0.00000222264000
4007	0.00000014817600
4008	0.00000554270850
4009	0.00000192536190
4010	0.00001050197400
4011	0.00000070013160
4012	0.00000043989750
4013	0.00000015280650
4014	0.00000083349000
4015	0.00000005556600
4016	0.00000346275000
4017	0.00000120285000
4018	0.00000036936000
4019	0.00000002462400
4020	0.00000028856250
4021	0.00000010023750
4022	0.00000003078000
4023	0.00000000205200
4024	0.00000098111250
4025	0.00000034080750
4026	0.00000011427075
4027	0.00000000761805
4028	0.00000008175938
4029	0.00000002840063
4030	0.00000000952256
4031	0.00000000063484
4032	0.00000238902048
4033	0.00000082987027
4034	0.00000228614400
4035	0.00000015240960
4036	0.00000398170080
4037	0.00000138311712
4038	0.00000381024000
4039	0.00000025401600
4040	0.00000030164400
4041	0.00000010478160
4042	0.00000038102400
4043	0.00000002540160
4044	0.00000050274000
4045	0.00000017463600
4046	0.00000063504000
4047	0.00000004233600
4048	0.00001231200000
4049	0.00000427680000
4050	0.00000098496000
4051	0.00000006566400
4052	0.00000145350000
4053	0.00000050490000
4054	0.00000011628000
4055	0.00000000775200
4056	0.00000184680000
4057	0.00000064152000
4058	0.00000001231200
4059	0.00000000082080
4060	0.00000021802500
4061	0.00000007573500
4062	0.00000000145350
4063	0.00000000009690
4064	0.00000021718368
4065	0.00000007544275
4066	0.00001371686400
4067	0.00000091445760
4068	0.00000036197280
4069	0.00000012573792
4070	0.00002286144000
4071	0.00000152409600
4072	0.00000271479600
4073	0.00000094303440
4074	0.00000514382400
4075	0.00000034292160
4076	0.00000452466000
4077	0.00000157172400
4078	0.00000857304000
4079	0.00000057153600
4080	0.00033242400000
4081	0.00011547360000
4082	0.00003545856000
4083	0.00000236390400
4084	0.00003924450000
4085	0.00001363230000
4086	0.00000418608000
4087	0.00000027907200
4088	0.00009418680000
4089	0.00003271752000
4090	0.00001096999200
4091	0.00000073133280
4092	0.00001111927500
4093	0.00000386248500
4094	0.00000129506850
4095	0.00000008633790
